/*--------------------------------*- C++ -*----------------------------------*\
| =========                 |                                                 |
| \\      /  F ield         | OpenFOAM: The Open Source CFD Toolbox           |
|  \\    /   O peration     | Version:  1912                                  |
|   \\  /    A nd           | Website:  www.openfoam.com                      |
|    \\/     M anipulation  |                                                 |
\*---------------------------------------------------------------------------*/
FoamFile
{
    version     2.0;
    format      ascii;
    class       faceList;
    location    "constant/polyMesh";
    object      faces;
}
// * * * * * * * * * * * * * * * * * * * * * * * * * * * * * * * * * * * * * //


3700
(
4(1 92 1093 1002)
4(91 1092 1093 92)
4(2 93 1094 1003)
4(92 1093 1094 93)
4(3 94 1095 1004)
4(93 1094 1095 94)
4(4 95 1096 1005)
4(94 1095 1096 95)
4(5 96 1097 1006)
4(95 1096 1097 96)
4(6 97 1098 1007)
4(96 1097 1098 97)
4(7 98 1099 1008)
4(97 1098 1099 98)
4(8 99 1100 1009)
4(98 1099 1100 99)
4(9 100 1101 1010)
4(99 1100 1101 100)
4(10 101 1102 1011)
4(100 1101 1102 101)
4(11 102 1103 1012)
4(101 1102 1103 102)
4(12 103 1104 1013)
4(102 1103 1104 103)
4(13 104 1105 1014)
4(103 1104 1105 104)
4(14 105 1106 1015)
4(104 1105 1106 105)
4(15 106 1107 1016)
4(105 1106 1107 106)
4(16 107 1108 1017)
4(106 1107 1108 107)
4(17 108 1109 1018)
4(107 1108 1109 108)
4(18 109 1110 1019)
4(108 1109 1110 109)
4(19 110 1111 1020)
4(109 1110 1111 110)
4(20 111 1112 1021)
4(110 1111 1112 111)
4(21 112 1113 1022)
4(111 1112 1113 112)
4(22 113 1114 1023)
4(112 1113 1114 113)
4(23 114 1115 1024)
4(113 1114 1115 114)
4(24 115 1116 1025)
4(114 1115 1116 115)
4(25 116 1117 1026)
4(115 1116 1117 116)
4(26 117 1118 1027)
4(116 1117 1118 117)
4(27 118 1119 1028)
4(117 1118 1119 118)
4(28 119 1120 1029)
4(118 1119 1120 119)
4(29 120 1121 1030)
4(119 1120 1121 120)
4(30 121 1122 1031)
4(120 1121 1122 121)
4(31 122 1123 1032)
4(121 1122 1123 122)
4(32 123 1124 1033)
4(122 1123 1124 123)
4(33 124 1125 1034)
4(123 1124 1125 124)
4(34 125 1126 1035)
4(124 1125 1126 125)
4(35 126 1127 1036)
4(125 1126 1127 126)
4(36 127 1128 1037)
4(126 1127 1128 127)
4(37 128 1129 1038)
4(127 1128 1129 128)
4(38 129 1130 1039)
4(128 1129 1130 129)
4(39 130 1131 1040)
4(129 1130 1131 130)
4(40 131 1132 1041)
4(130 1131 1132 131)
4(41 132 1133 1042)
4(131 1132 1133 132)
4(42 133 1134 1043)
4(132 1133 1134 133)
4(43 134 1135 1044)
4(133 1134 1135 134)
4(44 135 1136 1045)
4(134 1135 1136 135)
4(45 136 1137 1046)
4(135 1136 1137 136)
4(46 137 1138 1047)
4(136 1137 1138 137)
4(47 138 1139 1048)
4(137 1138 1139 138)
4(48 139 1140 1049)
4(138 1139 1140 139)
4(49 140 1141 1050)
4(139 1140 1141 140)
4(50 141 1142 1051)
4(140 1141 1142 141)
4(51 142 1143 1052)
4(141 1142 1143 142)
4(52 143 1144 1053)
4(142 1143 1144 143)
4(53 144 1145 1054)
4(143 1144 1145 144)
4(54 145 1146 1055)
4(144 1145 1146 145)
4(55 146 1147 1056)
4(145 1146 1147 146)
4(56 147 1148 1057)
4(146 1147 1148 147)
4(57 148 1149 1058)
4(147 1148 1149 148)
4(58 149 1150 1059)
4(148 1149 1150 149)
4(59 150 1151 1060)
4(149 1150 1151 150)
4(60 151 1152 1061)
4(150 1151 1152 151)
4(61 152 1153 1062)
4(151 1152 1153 152)
4(62 153 1154 1063)
4(152 1153 1154 153)
4(63 154 1155 1064)
4(153 1154 1155 154)
4(64 155 1156 1065)
4(154 1155 1156 155)
4(65 156 1157 1066)
4(155 1156 1157 156)
4(66 157 1158 1067)
4(156 1157 1158 157)
4(67 158 1159 1068)
4(157 1158 1159 158)
4(68 159 1160 1069)
4(158 1159 1160 159)
4(69 160 1161 1070)
4(159 1160 1161 160)
4(70 161 1162 1071)
4(160 1161 1162 161)
4(71 162 1163 1072)
4(161 1162 1163 162)
4(72 163 1164 1073)
4(162 1163 1164 163)
4(73 164 1165 1074)
4(163 1164 1165 164)
4(74 165 1166 1075)
4(164 1165 1166 165)
4(75 166 1167 1076)
4(165 1166 1167 166)
4(76 167 1168 1077)
4(166 1167 1168 167)
4(77 168 1169 1078)
4(167 1168 1169 168)
4(78 169 1170 1079)
4(168 1169 1170 169)
4(79 170 1171 1080)
4(169 1170 1171 170)
4(80 171 1172 1081)
4(170 1171 1172 171)
4(81 172 1173 1082)
4(171 1172 1173 172)
4(82 173 1174 1083)
4(172 1173 1174 173)
4(83 174 1175 1084)
4(173 1174 1175 174)
4(84 175 1176 1085)
4(174 1175 1176 175)
4(85 176 1177 1086)
4(175 1176 1177 176)
4(86 177 1178 1087)
4(176 1177 1178 177)
4(87 178 1179 1088)
4(177 1178 1179 178)
4(88 179 1180 1089)
4(178 1179 1180 179)
4(89 180 1181 1090)
4(179 1180 1181 180)
4(180 1181 1182 181)
4(92 183 1184 1093)
4(182 1183 1184 183)
4(93 184 1185 1094)
4(183 1184 1185 184)
4(94 185 1186 1095)
4(184 1185 1186 185)
4(95 186 1187 1096)
4(185 1186 1187 186)
4(96 187 1188 1097)
4(186 1187 1188 187)
4(97 188 1189 1098)
4(187 1188 1189 188)
4(98 189 1190 1099)
4(188 1189 1190 189)
4(99 190 1191 1100)
4(189 1190 1191 190)
4(100 191 1192 1101)
4(190 1191 1192 191)
4(101 192 1193 1102)
4(191 1192 1193 192)
4(102 193 1194 1103)
4(192 1193 1194 193)
4(103 194 1195 1104)
4(193 1194 1195 194)
4(104 195 1196 1105)
4(194 1195 1196 195)
4(105 196 1197 1106)
4(195 1196 1197 196)
4(106 197 1198 1107)
4(196 1197 1198 197)
4(107 198 1199 1108)
4(197 1198 1199 198)
4(108 199 1200 1109)
4(198 1199 1200 199)
4(109 200 1201 1110)
4(199 1200 1201 200)
4(110 201 1202 1111)
4(200 1201 1202 201)
4(111 202 1203 1112)
4(201 1202 1203 202)
4(112 203 1204 1113)
4(202 1203 1204 203)
4(113 204 1205 1114)
4(203 1204 1205 204)
4(114 205 1206 1115)
4(204 1205 1206 205)
4(115 206 1207 1116)
4(205 1206 1207 206)
4(116 207 1208 1117)
4(206 1207 1208 207)
4(117 208 1209 1118)
4(207 1208 1209 208)
4(118 209 1210 1119)
4(208 1209 1210 209)
4(119 210 1211 1120)
4(209 1210 1211 210)
4(120 211 1212 1121)
4(210 1211 1212 211)
4(121 212 1213 1122)
4(211 1212 1213 212)
4(122 213 1214 1123)
4(212 1213 1214 213)
4(123 214 1215 1124)
4(213 1214 1215 214)
4(124 215 1216 1125)
4(214 1215 1216 215)
4(125 216 1217 1126)
4(215 1216 1217 216)
4(126 217 1218 1127)
4(216 1217 1218 217)
4(127 218 1219 1128)
4(217 1218 1219 218)
4(128 219 1220 1129)
4(218 1219 1220 219)
4(129 220 1221 1130)
4(219 1220 1221 220)
4(130 221 1222 1131)
4(220 1221 1222 221)
4(131 222 1223 1132)
4(221 1222 1223 222)
4(132 223 1224 1133)
4(222 1223 1224 223)
4(133 224 1225 1134)
4(223 1224 1225 224)
4(134 225 1226 1135)
4(224 1225 1226 225)
4(135 226 1227 1136)
4(225 1226 1227 226)
4(136 227 1228 1137)
4(226 1227 1228 227)
4(137 228 1229 1138)
4(227 1228 1229 228)
4(138 229 1230 1139)
4(228 1229 1230 229)
4(139 230 1231 1140)
4(229 1230 1231 230)
4(140 231 1232 1141)
4(230 1231 1232 231)
4(141 232 1233 1142)
4(231 1232 1233 232)
4(142 233 1234 1143)
4(232 1233 1234 233)
4(143 234 1235 1144)
4(233 1234 1235 234)
4(144 235 1236 1145)
4(234 1235 1236 235)
4(145 236 1237 1146)
4(235 1236 1237 236)
4(146 237 1238 1147)
4(236 1237 1238 237)
4(147 238 1239 1148)
4(237 1238 1239 238)
4(148 239 1240 1149)
4(238 1239 1240 239)
4(149 240 1241 1150)
4(239 1240 1241 240)
4(150 241 1242 1151)
4(240 1241 1242 241)
4(151 242 1243 1152)
4(241 1242 1243 242)
4(152 243 1244 1153)
4(242 1243 1244 243)
4(153 244 1245 1154)
4(243 1244 1245 244)
4(154 245 1246 1155)
4(244 1245 1246 245)
4(155 246 1247 1156)
4(245 1246 1247 246)
4(156 247 1248 1157)
4(246 1247 1248 247)
4(157 248 1249 1158)
4(247 1248 1249 248)
4(158 249 1250 1159)
4(248 1249 1250 249)
4(159 250 1251 1160)
4(249 1250 1251 250)
4(160 251 1252 1161)
4(250 1251 1252 251)
4(161 252 1253 1162)
4(251 1252 1253 252)
4(162 253 1254 1163)
4(252 1253 1254 253)
4(163 254 1255 1164)
4(253 1254 1255 254)
4(164 255 1256 1165)
4(254 1255 1256 255)
4(165 256 1257 1166)
4(255 1256 1257 256)
4(166 257 1258 1167)
4(256 1257 1258 257)
4(167 258 1259 1168)
4(257 1258 1259 258)
4(168 259 1260 1169)
4(258 1259 1260 259)
4(169 260 1261 1170)
4(259 1260 1261 260)
4(170 261 1262 1171)
4(260 1261 1262 261)
4(171 262 1263 1172)
4(261 1262 1263 262)
4(172 263 1264 1173)
4(262 1263 1264 263)
4(173 264 1265 1174)
4(263 1264 1265 264)
4(174 265 1266 1175)
4(264 1265 1266 265)
4(175 266 1267 1176)
4(265 1266 1267 266)
4(176 267 1268 1177)
4(266 1267 1268 267)
4(177 268 1269 1178)
4(267 1268 1269 268)
4(178 269 1270 1179)
4(268 1269 1270 269)
4(179 270 1271 1180)
4(269 1270 1271 270)
4(180 271 1272 1181)
4(270 1271 1272 271)
4(271 1272 1273 272)
4(183 274 1275 1184)
4(273 1274 1275 274)
4(184 275 1276 1185)
4(274 1275 1276 275)
4(185 276 1277 1186)
4(275 1276 1277 276)
4(186 277 1278 1187)
4(276 1277 1278 277)
4(187 278 1279 1188)
4(277 1278 1279 278)
4(188 279 1280 1189)
4(278 1279 1280 279)
4(189 280 1281 1190)
4(279 1280 1281 280)
4(190 281 1282 1191)
4(280 1281 1282 281)
4(191 282 1283 1192)
4(281 1282 1283 282)
4(192 283 1284 1193)
4(282 1283 1284 283)
4(193 284 1285 1194)
4(283 1284 1285 284)
4(194 285 1286 1195)
4(284 1285 1286 285)
4(195 286 1287 1196)
4(285 1286 1287 286)
4(196 287 1288 1197)
4(286 1287 1288 287)
4(197 288 1289 1198)
4(287 1288 1289 288)
4(198 289 1290 1199)
4(288 1289 1290 289)
4(199 290 1291 1200)
4(289 1290 1291 290)
4(200 291 1292 1201)
4(290 1291 1292 291)
4(201 292 1293 1202)
4(291 1292 1293 292)
4(202 293 1294 1203)
4(292 1293 1294 293)
4(203 294 1295 1204)
4(293 1294 1295 294)
4(204 295 1296 1205)
4(294 1295 1296 295)
4(205 296 1297 1206)
4(295 1296 1297 296)
4(206 297 1298 1207)
4(296 1297 1298 297)
4(207 298 1299 1208)
4(297 1298 1299 298)
4(208 299 1300 1209)
4(298 1299 1300 299)
4(209 300 1301 1210)
4(299 1300 1301 300)
4(210 301 1302 1211)
4(300 1301 1302 301)
4(211 302 1303 1212)
4(301 1302 1303 302)
4(212 303 1304 1213)
4(302 1303 1304 303)
4(213 304 1305 1214)
4(303 1304 1305 304)
4(214 305 1306 1215)
4(304 1305 1306 305)
4(215 306 1307 1216)
4(305 1306 1307 306)
4(216 307 1308 1217)
4(306 1307 1308 307)
4(217 308 1309 1218)
4(307 1308 1309 308)
4(218 309 1310 1219)
4(308 1309 1310 309)
4(219 310 1311 1220)
4(309 1310 1311 310)
4(220 311 1312 1221)
4(310 1311 1312 311)
4(221 312 1313 1222)
4(311 1312 1313 312)
4(222 313 1314 1223)
4(312 1313 1314 313)
4(223 314 1315 1224)
4(313 1314 1315 314)
4(224 315 1316 1225)
4(314 1315 1316 315)
4(225 316 1317 1226)
4(315 1316 1317 316)
4(226 317 1318 1227)
4(316 1317 1318 317)
4(227 318 1319 1228)
4(317 1318 1319 318)
4(228 319 1320 1229)
4(318 1319 1320 319)
4(229 320 1321 1230)
4(319 1320 1321 320)
4(230 321 1322 1231)
4(320 1321 1322 321)
4(231 322 1323 1232)
4(321 1322 1323 322)
4(232 323 1324 1233)
4(322 1323 1324 323)
4(233 324 1325 1234)
4(323 1324 1325 324)
4(234 325 1326 1235)
4(324 1325 1326 325)
4(235 326 1327 1236)
4(325 1326 1327 326)
4(236 327 1328 1237)
4(326 1327 1328 327)
4(237 328 1329 1238)
4(327 1328 1329 328)
4(238 329 1330 1239)
4(328 1329 1330 329)
4(239 330 1331 1240)
4(329 1330 1331 330)
4(240 331 1332 1241)
4(330 1331 1332 331)
4(241 332 1333 1242)
4(331 1332 1333 332)
4(242 333 1334 1243)
4(332 1333 1334 333)
4(243 334 1335 1244)
4(333 1334 1335 334)
4(244 335 1336 1245)
4(334 1335 1336 335)
4(245 336 1337 1246)
4(335 1336 1337 336)
4(246 337 1338 1247)
4(336 1337 1338 337)
4(247 338 1339 1248)
4(337 1338 1339 338)
4(248 339 1340 1249)
4(338 1339 1340 339)
4(249 340 1341 1250)
4(339 1340 1341 340)
4(250 341 1342 1251)
4(340 1341 1342 341)
4(251 342 1343 1252)
4(341 1342 1343 342)
4(252 343 1344 1253)
4(342 1343 1344 343)
4(253 344 1345 1254)
4(343 1344 1345 344)
4(254 345 1346 1255)
4(344 1345 1346 345)
4(255 346 1347 1256)
4(345 1346 1347 346)
4(256 347 1348 1257)
4(346 1347 1348 347)
4(257 348 1349 1258)
4(347 1348 1349 348)
4(258 349 1350 1259)
4(348 1349 1350 349)
4(259 350 1351 1260)
4(349 1350 1351 350)
4(260 351 1352 1261)
4(350 1351 1352 351)
4(261 352 1353 1262)
4(351 1352 1353 352)
4(262 353 1354 1263)
4(352 1353 1354 353)
4(263 354 1355 1264)
4(353 1354 1355 354)
4(264 355 1356 1265)
4(354 1355 1356 355)
4(265 356 1357 1266)
4(355 1356 1357 356)
4(266 357 1358 1267)
4(356 1357 1358 357)
4(267 358 1359 1268)
4(357 1358 1359 358)
4(268 359 1360 1269)
4(358 1359 1360 359)
4(269 360 1361 1270)
4(359 1360 1361 360)
4(270 361 1362 1271)
4(360 1361 1362 361)
4(271 362 1363 1272)
4(361 1362 1363 362)
4(362 1363 1364 363)
4(274 365 1366 1275)
4(364 1365 1366 365)
4(275 366 1367 1276)
4(365 1366 1367 366)
4(276 367 1368 1277)
4(366 1367 1368 367)
4(277 368 1369 1278)
4(367 1368 1369 368)
4(278 369 1370 1279)
4(368 1369 1370 369)
4(279 370 1371 1280)
4(369 1370 1371 370)
4(280 371 1372 1281)
4(370 1371 1372 371)
4(281 372 1373 1282)
4(371 1372 1373 372)
4(282 373 1374 1283)
4(372 1373 1374 373)
4(283 374 1375 1284)
4(373 1374 1375 374)
4(284 375 1376 1285)
4(374 1375 1376 375)
4(285 376 1377 1286)
4(375 1376 1377 376)
4(286 377 1378 1287)
4(376 1377 1378 377)
4(287 378 1379 1288)
4(377 1378 1379 378)
4(288 379 1380 1289)
4(378 1379 1380 379)
4(289 380 1381 1290)
4(379 1380 1381 380)
4(290 381 1382 1291)
4(380 1381 1382 381)
4(291 382 1383 1292)
4(381 1382 1383 382)
4(292 383 1384 1293)
4(382 1383 1384 383)
4(293 384 1385 1294)
4(383 1384 1385 384)
4(294 385 1386 1295)
4(384 1385 1386 385)
4(295 386 1387 1296)
4(385 1386 1387 386)
4(296 387 1388 1297)
4(386 1387 1388 387)
4(297 388 1389 1298)
4(387 1388 1389 388)
4(298 389 1390 1299)
4(388 1389 1390 389)
4(299 390 1391 1300)
4(389 1390 1391 390)
4(300 391 1392 1301)
4(390 1391 1392 391)
4(301 392 1393 1302)
4(391 1392 1393 392)
4(302 393 1394 1303)
4(392 1393 1394 393)
4(303 394 1395 1304)
4(393 1394 1395 394)
4(304 395 1396 1305)
4(394 1395 1396 395)
4(305 396 1397 1306)
4(395 1396 1397 396)
4(306 397 1398 1307)
4(396 1397 1398 397)
4(307 398 1399 1308)
4(397 1398 1399 398)
4(308 399 1400 1309)
4(398 1399 1400 399)
4(309 400 1401 1310)
4(399 1400 1401 400)
4(310 401 1402 1311)
4(400 1401 1402 401)
4(311 402 1403 1312)
4(401 1402 1403 402)
4(312 403 1404 1313)
4(402 1403 1404 403)
4(313 404 1405 1314)
4(403 1404 1405 404)
4(314 405 1406 1315)
4(404 1405 1406 405)
4(315 406 1407 1316)
4(405 1406 1407 406)
4(316 407 1408 1317)
4(406 1407 1408 407)
4(317 408 1409 1318)
4(407 1408 1409 408)
4(318 409 1410 1319)
4(408 1409 1410 409)
4(319 410 1411 1320)
4(409 1410 1411 410)
4(320 411 1412 1321)
4(410 1411 1412 411)
4(321 412 1413 1322)
4(411 1412 1413 412)
4(322 413 1414 1323)
4(412 1413 1414 413)
4(323 414 1415 1324)
4(413 1414 1415 414)
4(324 415 1416 1325)
4(414 1415 1416 415)
4(325 416 1417 1326)
4(415 1416 1417 416)
4(326 417 1418 1327)
4(416 1417 1418 417)
4(327 418 1419 1328)
4(417 1418 1419 418)
4(328 419 1420 1329)
4(418 1419 1420 419)
4(329 420 1421 1330)
4(419 1420 1421 420)
4(330 421 1422 1331)
4(420 1421 1422 421)
4(331 422 1423 1332)
4(421 1422 1423 422)
4(332 423 1424 1333)
4(422 1423 1424 423)
4(333 424 1425 1334)
4(423 1424 1425 424)
4(334 425 1426 1335)
4(424 1425 1426 425)
4(335 426 1427 1336)
4(425 1426 1427 426)
4(336 427 1428 1337)
4(426 1427 1428 427)
4(337 428 1429 1338)
4(427 1428 1429 428)
4(338 429 1430 1339)
4(428 1429 1430 429)
4(339 430 1431 1340)
4(429 1430 1431 430)
4(340 431 1432 1341)
4(430 1431 1432 431)
4(341 432 1433 1342)
4(431 1432 1433 432)
4(342 433 1434 1343)
4(432 1433 1434 433)
4(343 434 1435 1344)
4(433 1434 1435 434)
4(344 435 1436 1345)
4(434 1435 1436 435)
4(345 436 1437 1346)
4(435 1436 1437 436)
4(346 437 1438 1347)
4(436 1437 1438 437)
4(347 438 1439 1348)
4(437 1438 1439 438)
4(348 439 1440 1349)
4(438 1439 1440 439)
4(349 440 1441 1350)
4(439 1440 1441 440)
4(350 441 1442 1351)
4(440 1441 1442 441)
4(351 442 1443 1352)
4(441 1442 1443 442)
4(352 443 1444 1353)
4(442 1443 1444 443)
4(353 444 1445 1354)
4(443 1444 1445 444)
4(354 445 1446 1355)
4(444 1445 1446 445)
4(355 446 1447 1356)
4(445 1446 1447 446)
4(356 447 1448 1357)
4(446 1447 1448 447)
4(357 448 1449 1358)
4(447 1448 1449 448)
4(358 449 1450 1359)
4(448 1449 1450 449)
4(359 450 1451 1360)
4(449 1450 1451 450)
4(360 451 1452 1361)
4(450 1451 1452 451)
4(361 452 1453 1362)
4(451 1452 1453 452)
4(362 453 1454 1363)
4(452 1453 1454 453)
4(453 1454 1455 454)
4(365 456 1457 1366)
4(455 1456 1457 456)
4(366 457 1458 1367)
4(456 1457 1458 457)
4(367 458 1459 1368)
4(457 1458 1459 458)
4(368 459 1460 1369)
4(458 1459 1460 459)
4(369 460 1461 1370)
4(459 1460 1461 460)
4(370 461 1462 1371)
4(460 1461 1462 461)
4(371 462 1463 1372)
4(461 1462 1463 462)
4(372 463 1464 1373)
4(462 1463 1464 463)
4(373 464 1465 1374)
4(463 1464 1465 464)
4(374 465 1466 1375)
4(464 1465 1466 465)
4(375 466 1467 1376)
4(465 1466 1467 466)
4(376 467 1468 1377)
4(466 1467 1468 467)
4(377 468 1469 1378)
4(467 1468 1469 468)
4(378 469 1470 1379)
4(468 1469 1470 469)
4(379 470 1471 1380)
4(469 1470 1471 470)
4(380 471 1472 1381)
4(470 1471 1472 471)
4(381 472 1473 1382)
4(471 1472 1473 472)
4(382 473 1474 1383)
4(472 1473 1474 473)
4(383 474 1475 1384)
4(473 1474 1475 474)
4(384 475 1476 1385)
4(474 1475 1476 475)
4(385 476 1477 1386)
4(475 1476 1477 476)
4(386 477 1478 1387)
4(476 1477 1478 477)
4(387 478 1479 1388)
4(477 1478 1479 478)
4(388 479 1480 1389)
4(478 1479 1480 479)
4(389 480 1481 1390)
4(479 1480 1481 480)
4(390 481 1482 1391)
4(480 1481 1482 481)
4(391 482 1483 1392)
4(481 1482 1483 482)
4(392 483 1484 1393)
4(482 1483 1484 483)
4(393 484 1485 1394)
4(483 1484 1485 484)
4(394 485 1486 1395)
4(484 1485 1486 485)
4(395 486 1487 1396)
4(485 1486 1487 486)
4(396 487 1488 1397)
4(486 1487 1488 487)
4(397 488 1489 1398)
4(487 1488 1489 488)
4(398 489 1490 1399)
4(488 1489 1490 489)
4(399 490 1491 1400)
4(489 1490 1491 490)
4(400 491 1492 1401)
4(490 1491 1492 491)
4(401 492 1493 1402)
4(491 1492 1493 492)
4(402 493 1494 1403)
4(492 1493 1494 493)
4(403 494 1495 1404)
4(493 1494 1495 494)
4(404 495 1496 1405)
4(494 1495 1496 495)
4(405 496 1497 1406)
4(495 1496 1497 496)
4(406 497 1498 1407)
4(496 1497 1498 497)
4(407 498 1499 1408)
4(497 1498 1499 498)
4(408 499 1500 1409)
4(498 1499 1500 499)
4(409 500 1501 1410)
4(499 1500 1501 500)
4(410 501 1502 1411)
4(500 1501 1502 501)
4(411 502 1503 1412)
4(501 1502 1503 502)
4(412 503 1504 1413)
4(502 1503 1504 503)
4(413 504 1505 1414)
4(503 1504 1505 504)
4(414 505 1506 1415)
4(504 1505 1506 505)
4(415 506 1507 1416)
4(505 1506 1507 506)
4(416 507 1508 1417)
4(506 1507 1508 507)
4(417 508 1509 1418)
4(507 1508 1509 508)
4(418 509 1510 1419)
4(508 1509 1510 509)
4(419 510 1511 1420)
4(509 1510 1511 510)
4(420 511 1512 1421)
4(510 1511 1512 511)
4(421 512 1513 1422)
4(511 1512 1513 512)
4(422 513 1514 1423)
4(512 1513 1514 513)
4(423 514 1515 1424)
4(513 1514 1515 514)
4(424 515 1516 1425)
4(514 1515 1516 515)
4(425 516 1517 1426)
4(515 1516 1517 516)
4(426 517 1518 1427)
4(516 1517 1518 517)
4(427 518 1519 1428)
4(517 1518 1519 518)
4(428 519 1520 1429)
4(518 1519 1520 519)
4(429 520 1521 1430)
4(519 1520 1521 520)
4(430 521 1522 1431)
4(520 1521 1522 521)
4(431 522 1523 1432)
4(521 1522 1523 522)
4(432 523 1524 1433)
4(522 1523 1524 523)
4(433 524 1525 1434)
4(523 1524 1525 524)
4(434 525 1526 1435)
4(524 1525 1526 525)
4(435 526 1527 1436)
4(525 1526 1527 526)
4(436 527 1528 1437)
4(526 1527 1528 527)
4(437 528 1529 1438)
4(527 1528 1529 528)
4(438 529 1530 1439)
4(528 1529 1530 529)
4(439 530 1531 1440)
4(529 1530 1531 530)
4(440 531 1532 1441)
4(530 1531 1532 531)
4(441 532 1533 1442)
4(531 1532 1533 532)
4(442 533 1534 1443)
4(532 1533 1534 533)
4(443 534 1535 1444)
4(533 1534 1535 534)
4(444 535 1536 1445)
4(534 1535 1536 535)
4(445 536 1537 1446)
4(535 1536 1537 536)
4(446 537 1538 1447)
4(536 1537 1538 537)
4(447 538 1539 1448)
4(537 1538 1539 538)
4(448 539 1540 1449)
4(538 1539 1540 539)
4(449 540 1541 1450)
4(539 1540 1541 540)
4(450 541 1542 1451)
4(540 1541 1542 541)
4(451 542 1543 1452)
4(541 1542 1543 542)
4(452 543 1544 1453)
4(542 1543 1544 543)
4(453 544 1545 1454)
4(543 1544 1545 544)
4(544 1545 1546 545)
4(456 547 1548 1457)
4(546 1547 1548 547)
4(457 548 1549 1458)
4(547 1548 1549 548)
4(458 549 1550 1459)
4(548 1549 1550 549)
4(459 550 1551 1460)
4(549 1550 1551 550)
4(460 551 1552 1461)
4(550 1551 1552 551)
4(461 552 1553 1462)
4(551 1552 1553 552)
4(462 553 1554 1463)
4(552 1553 1554 553)
4(463 554 1555 1464)
4(553 1554 1555 554)
4(464 555 1556 1465)
4(554 1555 1556 555)
4(465 556 1557 1466)
4(555 1556 1557 556)
4(466 557 1558 1467)
4(556 1557 1558 557)
4(467 558 1559 1468)
4(557 1558 1559 558)
4(468 559 1560 1469)
4(558 1559 1560 559)
4(469 560 1561 1470)
4(559 1560 1561 560)
4(470 561 1562 1471)
4(560 1561 1562 561)
4(471 562 1563 1472)
4(561 1562 1563 562)
4(472 563 1564 1473)
4(562 1563 1564 563)
4(473 564 1565 1474)
4(563 1564 1565 564)
4(474 565 1566 1475)
4(564 1565 1566 565)
4(475 566 1567 1476)
4(565 1566 1567 566)
4(476 567 1568 1477)
4(566 1567 1568 567)
4(477 568 1569 1478)
4(567 1568 1569 568)
4(478 569 1570 1479)
4(568 1569 1570 569)
4(479 570 1571 1480)
4(569 1570 1571 570)
4(480 571 1572 1481)
4(570 1571 1572 571)
4(481 572 1573 1482)
4(571 1572 1573 572)
4(482 573 1574 1483)
4(572 1573 1574 573)
4(483 574 1575 1484)
4(573 1574 1575 574)
4(484 575 1576 1485)
4(574 1575 1576 575)
4(485 576 1577 1486)
4(575 1576 1577 576)
4(486 577 1578 1487)
4(576 1577 1578 577)
4(487 578 1579 1488)
4(577 1578 1579 578)
4(488 579 1580 1489)
4(578 1579 1580 579)
4(489 580 1581 1490)
4(579 1580 1581 580)
4(490 581 1582 1491)
4(580 1581 1582 581)
4(491 582 1583 1492)
4(581 1582 1583 582)
4(492 583 1584 1493)
4(582 1583 1584 583)
4(493 584 1585 1494)
4(583 1584 1585 584)
4(494 585 1586 1495)
4(584 1585 1586 585)
4(495 586 1587 1496)
4(585 1586 1587 586)
4(496 587 1588 1497)
4(586 1587 1588 587)
4(497 588 1589 1498)
4(587 1588 1589 588)
4(498 589 1590 1499)
4(588 1589 1590 589)
4(499 590 1591 1500)
4(589 1590 1591 590)
4(500 591 1592 1501)
4(590 1591 1592 591)
4(501 592 1593 1502)
4(591 1592 1593 592)
4(502 593 1594 1503)
4(592 1593 1594 593)
4(503 594 1595 1504)
4(593 1594 1595 594)
4(504 595 1596 1505)
4(594 1595 1596 595)
4(505 596 1597 1506)
4(595 1596 1597 596)
4(506 597 1598 1507)
4(596 1597 1598 597)
4(507 598 1599 1508)
4(597 1598 1599 598)
4(508 599 1600 1509)
4(598 1599 1600 599)
4(509 600 1601 1510)
4(599 1600 1601 600)
4(510 601 1602 1511)
4(600 1601 1602 601)
4(511 602 1603 1512)
4(601 1602 1603 602)
4(512 603 1604 1513)
4(602 1603 1604 603)
4(513 604 1605 1514)
4(603 1604 1605 604)
4(514 605 1606 1515)
4(604 1605 1606 605)
4(515 606 1607 1516)
4(605 1606 1607 606)
4(516 607 1608 1517)
4(606 1607 1608 607)
4(517 608 1609 1518)
4(607 1608 1609 608)
4(518 609 1610 1519)
4(608 1609 1610 609)
4(519 610 1611 1520)
4(609 1610 1611 610)
4(520 611 1612 1521)
4(610 1611 1612 611)
4(521 612 1613 1522)
4(611 1612 1613 612)
4(522 613 1614 1523)
4(612 1613 1614 613)
4(523 614 1615 1524)
4(613 1614 1615 614)
4(524 615 1616 1525)
4(614 1615 1616 615)
4(525 616 1617 1526)
4(615 1616 1617 616)
4(526 617 1618 1527)
4(616 1617 1618 617)
4(527 618 1619 1528)
4(617 1618 1619 618)
4(528 619 1620 1529)
4(618 1619 1620 619)
4(529 620 1621 1530)
4(619 1620 1621 620)
4(530 621 1622 1531)
4(620 1621 1622 621)
4(531 622 1623 1532)
4(621 1622 1623 622)
4(532 623 1624 1533)
4(622 1623 1624 623)
4(533 624 1625 1534)
4(623 1624 1625 624)
4(534 625 1626 1535)
4(624 1625 1626 625)
4(535 626 1627 1536)
4(625 1626 1627 626)
4(536 627 1628 1537)
4(626 1627 1628 627)
4(537 628 1629 1538)
4(627 1628 1629 628)
4(538 629 1630 1539)
4(628 1629 1630 629)
4(539 630 1631 1540)
4(629 1630 1631 630)
4(540 631 1632 1541)
4(630 1631 1632 631)
4(541 632 1633 1542)
4(631 1632 1633 632)
4(542 633 1634 1543)
4(632 1633 1634 633)
4(543 634 1635 1544)
4(633 1634 1635 634)
4(544 635 1636 1545)
4(634 1635 1636 635)
4(635 1636 1637 636)
4(547 638 1639 1548)
4(637 1638 1639 638)
4(548 639 1640 1549)
4(638 1639 1640 639)
4(549 640 1641 1550)
4(639 1640 1641 640)
4(550 641 1642 1551)
4(640 1641 1642 641)
4(551 642 1643 1552)
4(641 1642 1643 642)
4(552 643 1644 1553)
4(642 1643 1644 643)
4(553 644 1645 1554)
4(643 1644 1645 644)
4(554 645 1646 1555)
4(644 1645 1646 645)
4(555 646 1647 1556)
4(645 1646 1647 646)
4(556 647 1648 1557)
4(646 1647 1648 647)
4(557 648 1649 1558)
4(647 1648 1649 648)
4(558 649 1650 1559)
4(648 1649 1650 649)
4(559 650 1651 1560)
4(649 1650 1651 650)
4(560 651 1652 1561)
4(650 1651 1652 651)
4(561 652 1653 1562)
4(651 1652 1653 652)
4(562 653 1654 1563)
4(652 1653 1654 653)
4(563 654 1655 1564)
4(653 1654 1655 654)
4(564 655 1656 1565)
4(654 1655 1656 655)
4(565 656 1657 1566)
4(655 1656 1657 656)
4(566 657 1658 1567)
4(656 1657 1658 657)
4(567 658 1659 1568)
4(657 1658 1659 658)
4(568 659 1660 1569)
4(658 1659 1660 659)
4(569 660 1661 1570)
4(659 1660 1661 660)
4(570 661 1662 1571)
4(660 1661 1662 661)
4(571 662 1663 1572)
4(661 1662 1663 662)
4(572 663 1664 1573)
4(662 1663 1664 663)
4(573 664 1665 1574)
4(663 1664 1665 664)
4(574 665 1666 1575)
4(664 1665 1666 665)
4(575 666 1667 1576)
4(665 1666 1667 666)
4(576 667 1668 1577)
4(666 1667 1668 667)
4(577 668 1669 1578)
4(667 1668 1669 668)
4(578 669 1670 1579)
4(668 1669 1670 669)
4(579 670 1671 1580)
4(669 1670 1671 670)
4(580 671 1672 1581)
4(670 1671 1672 671)
4(581 672 1673 1582)
4(671 1672 1673 672)
4(582 673 1674 1583)
4(672 1673 1674 673)
4(583 674 1675 1584)
4(673 1674 1675 674)
4(584 675 1676 1585)
4(674 1675 1676 675)
4(585 676 1677 1586)
4(675 1676 1677 676)
4(586 677 1678 1587)
4(676 1677 1678 677)
4(587 678 1679 1588)
4(677 1678 1679 678)
4(588 679 1680 1589)
4(678 1679 1680 679)
4(589 680 1681 1590)
4(679 1680 1681 680)
4(590 681 1682 1591)
4(680 1681 1682 681)
4(591 682 1683 1592)
4(681 1682 1683 682)
4(592 683 1684 1593)
4(682 1683 1684 683)
4(593 684 1685 1594)
4(683 1684 1685 684)
4(594 685 1686 1595)
4(684 1685 1686 685)
4(595 686 1687 1596)
4(685 1686 1687 686)
4(596 687 1688 1597)
4(686 1687 1688 687)
4(597 688 1689 1598)
4(687 1688 1689 688)
4(598 689 1690 1599)
4(688 1689 1690 689)
4(599 690 1691 1600)
4(689 1690 1691 690)
4(600 691 1692 1601)
4(690 1691 1692 691)
4(601 692 1693 1602)
4(691 1692 1693 692)
4(602 693 1694 1603)
4(692 1693 1694 693)
4(603 694 1695 1604)
4(693 1694 1695 694)
4(604 695 1696 1605)
4(694 1695 1696 695)
4(605 696 1697 1606)
4(695 1696 1697 696)
4(606 697 1698 1607)
4(696 1697 1698 697)
4(607 698 1699 1608)
4(697 1698 1699 698)
4(608 699 1700 1609)
4(698 1699 1700 699)
4(609 700 1701 1610)
4(699 1700 1701 700)
4(610 701 1702 1611)
4(700 1701 1702 701)
4(611 702 1703 1612)
4(701 1702 1703 702)
4(612 703 1704 1613)
4(702 1703 1704 703)
4(613 704 1705 1614)
4(703 1704 1705 704)
4(614 705 1706 1615)
4(704 1705 1706 705)
4(615 706 1707 1616)
4(705 1706 1707 706)
4(616 707 1708 1617)
4(706 1707 1708 707)
4(617 708 1709 1618)
4(707 1708 1709 708)
4(618 709 1710 1619)
4(708 1709 1710 709)
4(619 710 1711 1620)
4(709 1710 1711 710)
4(620 711 1712 1621)
4(710 1711 1712 711)
4(621 712 1713 1622)
4(711 1712 1713 712)
4(622 713 1714 1623)
4(712 1713 1714 713)
4(623 714 1715 1624)
4(713 1714 1715 714)
4(624 715 1716 1625)
4(714 1715 1716 715)
4(625 716 1717 1626)
4(715 1716 1717 716)
4(626 717 1718 1627)
4(716 1717 1718 717)
4(627 718 1719 1628)
4(717 1718 1719 718)
4(628 719 1720 1629)
4(718 1719 1720 719)
4(629 720 1721 1630)
4(719 1720 1721 720)
4(630 721 1722 1631)
4(720 1721 1722 721)
4(631 722 1723 1632)
4(721 1722 1723 722)
4(632 723 1724 1633)
4(722 1723 1724 723)
4(633 724 1725 1634)
4(723 1724 1725 724)
4(634 725 1726 1635)
4(724 1725 1726 725)
4(635 726 1727 1636)
4(725 1726 1727 726)
4(726 1727 1728 727)
4(638 729 1730 1639)
4(728 1729 1730 729)
4(639 730 1731 1640)
4(729 1730 1731 730)
4(640 731 1732 1641)
4(730 1731 1732 731)
4(641 732 1733 1642)
4(731 1732 1733 732)
4(642 733 1734 1643)
4(732 1733 1734 733)
4(643 734 1735 1644)
4(733 1734 1735 734)
4(644 735 1736 1645)
4(734 1735 1736 735)
4(645 736 1737 1646)
4(735 1736 1737 736)
4(646 737 1738 1647)
4(736 1737 1738 737)
4(647 738 1739 1648)
4(737 1738 1739 738)
4(648 739 1740 1649)
4(738 1739 1740 739)
4(649 740 1741 1650)
4(739 1740 1741 740)
4(650 741 1742 1651)
4(740 1741 1742 741)
4(651 742 1743 1652)
4(741 1742 1743 742)
4(652 743 1744 1653)
4(742 1743 1744 743)
4(653 744 1745 1654)
4(743 1744 1745 744)
4(654 745 1746 1655)
4(744 1745 1746 745)
4(655 746 1747 1656)
4(745 1746 1747 746)
4(656 747 1748 1657)
4(746 1747 1748 747)
4(657 748 1749 1658)
4(747 1748 1749 748)
4(658 749 1750 1659)
4(748 1749 1750 749)
4(659 750 1751 1660)
4(749 1750 1751 750)
4(660 751 1752 1661)
4(750 1751 1752 751)
4(661 752 1753 1662)
4(751 1752 1753 752)
4(662 753 1754 1663)
4(752 1753 1754 753)
4(663 754 1755 1664)
4(753 1754 1755 754)
4(664 755 1756 1665)
4(754 1755 1756 755)
4(665 756 1757 1666)
4(755 1756 1757 756)
4(666 757 1758 1667)
4(756 1757 1758 757)
4(667 758 1759 1668)
4(757 1758 1759 758)
4(668 759 1760 1669)
4(758 1759 1760 759)
4(669 760 1761 1670)
4(759 1760 1761 760)
4(670 761 1762 1671)
4(760 1761 1762 761)
4(671 762 1763 1672)
4(761 1762 1763 762)
4(672 763 1764 1673)
4(762 1763 1764 763)
4(673 764 1765 1674)
4(763 1764 1765 764)
4(674 765 1766 1675)
4(764 1765 1766 765)
4(675 766 1767 1676)
4(765 1766 1767 766)
4(676 767 1768 1677)
4(766 1767 1768 767)
4(677 768 1769 1678)
4(767 1768 1769 768)
4(678 769 1770 1679)
4(768 1769 1770 769)
4(679 770 1771 1680)
4(769 1770 1771 770)
4(680 771 1772 1681)
4(770 1771 1772 771)
4(681 772 1773 1682)
4(771 1772 1773 772)
4(682 773 1774 1683)
4(772 1773 1774 773)
4(683 774 1775 1684)
4(773 1774 1775 774)
4(684 775 1776 1685)
4(774 1775 1776 775)
4(685 776 1777 1686)
4(775 1776 1777 776)
4(686 777 1778 1687)
4(776 1777 1778 777)
4(687 778 1779 1688)
4(777 1778 1779 778)
4(688 779 1780 1689)
4(778 1779 1780 779)
4(689 780 1781 1690)
4(779 1780 1781 780)
4(690 781 1782 1691)
4(780 1781 1782 781)
4(691 782 1783 1692)
4(781 1782 1783 782)
4(692 783 1784 1693)
4(782 1783 1784 783)
4(693 784 1785 1694)
4(783 1784 1785 784)
4(694 785 1786 1695)
4(784 1785 1786 785)
4(695 786 1787 1696)
4(785 1786 1787 786)
4(696 787 1788 1697)
4(786 1787 1788 787)
4(697 788 1789 1698)
4(787 1788 1789 788)
4(698 789 1790 1699)
4(788 1789 1790 789)
4(699 790 1791 1700)
4(789 1790 1791 790)
4(700 791 1792 1701)
4(790 1791 1792 791)
4(701 792 1793 1702)
4(791 1792 1793 792)
4(702 793 1794 1703)
4(792 1793 1794 793)
4(703 794 1795 1704)
4(793 1794 1795 794)
4(704 795 1796 1705)
4(794 1795 1796 795)
4(705 796 1797 1706)
4(795 1796 1797 796)
4(706 797 1798 1707)
4(796 1797 1798 797)
4(707 798 1799 1708)
4(797 1798 1799 798)
4(708 799 1800 1709)
4(798 1799 1800 799)
4(709 800 1801 1710)
4(799 1800 1801 800)
4(710 801 1802 1711)
4(800 1801 1802 801)
4(711 802 1803 1712)
4(801 1802 1803 802)
4(712 803 1804 1713)
4(802 1803 1804 803)
4(713 804 1805 1714)
4(803 1804 1805 804)
4(714 805 1806 1715)
4(804 1805 1806 805)
4(715 806 1807 1716)
4(805 1806 1807 806)
4(716 807 1808 1717)
4(806 1807 1808 807)
4(717 808 1809 1718)
4(807 1808 1809 808)
4(718 809 1810 1719)
4(808 1809 1810 809)
4(719 810 1811 1720)
4(809 1810 1811 810)
4(720 811 1812 1721)
4(810 1811 1812 811)
4(721 812 1813 1722)
4(811 1812 1813 812)
4(722 813 1814 1723)
4(812 1813 1814 813)
4(723 814 1815 1724)
4(813 1814 1815 814)
4(724 815 1816 1725)
4(814 1815 1816 815)
4(725 816 1817 1726)
4(815 1816 1817 816)
4(726 817 1818 1727)
4(816 1817 1818 817)
4(817 1818 1819 818)
4(729 820 1821 1730)
4(819 1820 1821 820)
4(730 821 1822 1731)
4(820 1821 1822 821)
4(731 822 1823 1732)
4(821 1822 1823 822)
4(732 823 1824 1733)
4(822 1823 1824 823)
4(733 824 1825 1734)
4(823 1824 1825 824)
4(734 825 1826 1735)
4(824 1825 1826 825)
4(735 826 1827 1736)
4(825 1826 1827 826)
4(736 827 1828 1737)
4(826 1827 1828 827)
4(737 828 1829 1738)
4(827 1828 1829 828)
4(738 829 1830 1739)
4(828 1829 1830 829)
4(739 830 1831 1740)
4(829 1830 1831 830)
4(740 831 1832 1741)
4(830 1831 1832 831)
4(741 832 1833 1742)
4(831 1832 1833 832)
4(742 833 1834 1743)
4(832 1833 1834 833)
4(743 834 1835 1744)
4(833 1834 1835 834)
4(744 835 1836 1745)
4(834 1835 1836 835)
4(745 836 1837 1746)
4(835 1836 1837 836)
4(746 837 1838 1747)
4(836 1837 1838 837)
4(747 838 1839 1748)
4(837 1838 1839 838)
4(748 839 1840 1749)
4(838 1839 1840 839)
4(749 840 1841 1750)
4(839 1840 1841 840)
4(750 841 1842 1751)
4(840 1841 1842 841)
4(751 842 1843 1752)
4(841 1842 1843 842)
4(752 843 1844 1753)
4(842 1843 1844 843)
4(753 844 1845 1754)
4(843 1844 1845 844)
4(754 845 1846 1755)
4(844 1845 1846 845)
4(755 846 1847 1756)
4(845 1846 1847 846)
4(756 847 1848 1757)
4(846 1847 1848 847)
4(757 848 1849 1758)
4(847 1848 1849 848)
4(758 849 1850 1759)
4(848 1849 1850 849)
4(759 850 1851 1760)
4(849 1850 1851 850)
4(760 851 1852 1761)
4(850 1851 1852 851)
4(761 852 1853 1762)
4(851 1852 1853 852)
4(762 853 1854 1763)
4(852 1853 1854 853)
4(763 854 1855 1764)
4(853 1854 1855 854)
4(764 855 1856 1765)
4(854 1855 1856 855)
4(765 856 1857 1766)
4(855 1856 1857 856)
4(766 857 1858 1767)
4(856 1857 1858 857)
4(767 858 1859 1768)
4(857 1858 1859 858)
4(768 859 1860 1769)
4(858 1859 1860 859)
4(769 860 1861 1770)
4(859 1860 1861 860)
4(770 861 1862 1771)
4(860 1861 1862 861)
4(771 862 1863 1772)
4(861 1862 1863 862)
4(772 863 1864 1773)
4(862 1863 1864 863)
4(773 864 1865 1774)
4(863 1864 1865 864)
4(774 865 1866 1775)
4(864 1865 1866 865)
4(775 866 1867 1776)
4(865 1866 1867 866)
4(776 867 1868 1777)
4(866 1867 1868 867)
4(777 868 1869 1778)
4(867 1868 1869 868)
4(778 869 1870 1779)
4(868 1869 1870 869)
4(779 870 1871 1780)
4(869 1870 1871 870)
4(780 871 1872 1781)
4(870 1871 1872 871)
4(781 872 1873 1782)
4(871 1872 1873 872)
4(782 873 1874 1783)
4(872 1873 1874 873)
4(783 874 1875 1784)
4(873 1874 1875 874)
4(784 875 1876 1785)
4(874 1875 1876 875)
4(785 876 1877 1786)
4(875 1876 1877 876)
4(786 877 1878 1787)
4(876 1877 1878 877)
4(787 878 1879 1788)
4(877 1878 1879 878)
4(788 879 1880 1789)
4(878 1879 1880 879)
4(789 880 1881 1790)
4(879 1880 1881 880)
4(790 881 1882 1791)
4(880 1881 1882 881)
4(791 882 1883 1792)
4(881 1882 1883 882)
4(792 883 1884 1793)
4(882 1883 1884 883)
4(793 884 1885 1794)
4(883 1884 1885 884)
4(794 885 1886 1795)
4(884 1885 1886 885)
4(795 886 1887 1796)
4(885 1886 1887 886)
4(796 887 1888 1797)
4(886 1887 1888 887)
4(797 888 1889 1798)
4(887 1888 1889 888)
4(798 889 1890 1799)
4(888 1889 1890 889)
4(799 890 1891 1800)
4(889 1890 1891 890)
4(800 891 1892 1801)
4(890 1891 1892 891)
4(801 892 1893 1802)
4(891 1892 1893 892)
4(802 893 1894 1803)
4(892 1893 1894 893)
4(803 894 1895 1804)
4(893 1894 1895 894)
4(804 895 1896 1805)
4(894 1895 1896 895)
4(805 896 1897 1806)
4(895 1896 1897 896)
4(806 897 1898 1807)
4(896 1897 1898 897)
4(807 898 1899 1808)
4(897 1898 1899 898)
4(808 899 1900 1809)
4(898 1899 1900 899)
4(809 900 1901 1810)
4(899 1900 1901 900)
4(810 901 1902 1811)
4(900 1901 1902 901)
4(811 902 1903 1812)
4(901 1902 1903 902)
4(812 903 1904 1813)
4(902 1903 1904 903)
4(813 904 1905 1814)
4(903 1904 1905 904)
4(814 905 1906 1815)
4(904 1905 1906 905)
4(815 906 1907 1816)
4(905 1906 1907 906)
4(816 907 1908 1817)
4(906 1907 1908 907)
4(817 908 1909 1818)
4(907 1908 1909 908)
4(908 1909 1910 909)
4(820 911 1912 1821)
4(821 912 1913 1822)
4(822 913 1914 1823)
4(823 914 1915 1824)
4(824 915 1916 1825)
4(825 916 1917 1826)
4(826 917 1918 1827)
4(827 918 1919 1828)
4(828 919 1920 1829)
4(829 920 1921 1830)
4(830 921 1922 1831)
4(831 922 1923 1832)
4(832 923 1924 1833)
4(833 924 1925 1834)
4(834 925 1926 1835)
4(835 926 1927 1836)
4(836 927 1928 1837)
4(837 928 1929 1838)
4(838 929 1930 1839)
4(839 930 1931 1840)
4(840 931 1932 1841)
4(841 932 1933 1842)
4(842 933 1934 1843)
4(843 934 1935 1844)
4(844 935 1936 1845)
4(845 936 1937 1846)
4(846 937 1938 1847)
4(847 938 1939 1848)
4(848 939 1940 1849)
4(849 940 1941 1850)
4(850 941 1942 1851)
4(851 942 1943 1852)
4(852 943 1944 1853)
4(853 944 1945 1854)
4(854 945 1946 1855)
4(855 946 1947 1856)
4(856 947 1948 1857)
4(857 948 1949 1858)
4(858 949 1950 1859)
4(859 950 1951 1860)
4(860 951 1952 1861)
4(861 952 1953 1862)
4(862 953 1954 1863)
4(863 954 1955 1864)
4(864 955 1956 1865)
4(865 956 1957 1866)
4(866 957 1958 1867)
4(867 958 1959 1868)
4(868 959 1960 1869)
4(869 960 1961 1870)
4(870 961 1962 1871)
4(871 962 1963 1872)
4(872 963 1964 1873)
4(873 964 1965 1874)
4(874 965 1966 1875)
4(875 966 1967 1876)
4(876 967 1968 1877)
4(877 968 1969 1878)
4(878 969 1970 1879)
4(879 970 1971 1880)
4(880 971 1972 1881)
4(881 972 1973 1882)
4(882 973 1974 1883)
4(883 974 1975 1884)
4(884 975 1976 1885)
4(885 976 1977 1886)
4(886 977 1978 1887)
4(887 978 1979 1888)
4(888 979 1980 1889)
4(889 980 1981 1890)
4(890 981 1982 1891)
4(891 982 1983 1892)
4(892 983 1984 1893)
4(893 984 1985 1894)
4(894 985 1986 1895)
4(895 986 1987 1896)
4(896 987 1988 1897)
4(897 988 1989 1898)
4(898 989 1990 1899)
4(899 990 1991 1900)
4(900 991 1992 1901)
4(901 992 1993 1902)
4(902 993 1994 1903)
4(903 994 1995 1904)
4(904 995 1996 1905)
4(905 996 1997 1906)
4(906 997 1998 1907)
4(907 998 1999 1908)
4(908 999 2000 1909)
4(0 1 1002 1001)
4(1 2 1003 1002)
4(2 3 1004 1003)
4(3 4 1005 1004)
4(4 5 1006 1005)
4(5 6 1007 1006)
4(6 7 1008 1007)
4(7 8 1009 1008)
4(8 9 1010 1009)
4(9 10 1011 1010)
4(10 11 1012 1011)
4(11 12 1013 1012)
4(12 13 1014 1013)
4(13 14 1015 1014)
4(14 15 1016 1015)
4(15 16 1017 1016)
4(16 17 1018 1017)
4(17 18 1019 1018)
4(18 19 1020 1019)
4(19 20 1021 1020)
4(20 21 1022 1021)
4(21 22 1023 1022)
4(22 23 1024 1023)
4(23 24 1025 1024)
4(24 25 1026 1025)
4(25 26 1027 1026)
4(26 27 1028 1027)
4(27 28 1029 1028)
4(28 29 1030 1029)
4(29 30 1031 1030)
4(30 31 1032 1031)
4(31 32 1033 1032)
4(32 33 1034 1033)
4(33 34 1035 1034)
4(34 35 1036 1035)
4(35 36 1037 1036)
4(36 37 1038 1037)
4(37 38 1039 1038)
4(38 39 1040 1039)
4(39 40 1041 1040)
4(40 41 1042 1041)
4(41 42 1043 1042)
4(42 43 1044 1043)
4(43 44 1045 1044)
4(44 45 1046 1045)
4(45 46 1047 1046)
4(46 47 1048 1047)
4(47 48 1049 1048)
4(48 49 1050 1049)
4(49 50 1051 1050)
4(50 51 1052 1051)
4(51 52 1053 1052)
4(52 53 1054 1053)
4(53 54 1055 1054)
4(54 55 1056 1055)
4(55 56 1057 1056)
4(56 57 1058 1057)
4(57 58 1059 1058)
4(58 59 1060 1059)
4(59 60 1061 1060)
4(60 61 1062 1061)
4(61 62 1063 1062)
4(62 63 1064 1063)
4(63 64 1065 1064)
4(64 65 1066 1065)
4(65 66 1067 1066)
4(66 67 1068 1067)
4(67 68 1069 1068)
4(68 69 1070 1069)
4(69 70 1071 1070)
4(70 71 1072 1071)
4(71 72 1073 1072)
4(72 73 1074 1073)
4(73 74 1075 1074)
4(74 75 1076 1075)
4(75 76 1077 1076)
4(76 77 1078 1077)
4(77 78 1079 1078)
4(78 79 1080 1079)
4(79 80 1081 1080)
4(80 81 1082 1081)
4(81 82 1083 1082)
4(82 83 1084 1083)
4(83 84 1085 1084)
4(84 85 1086 1085)
4(85 86 1087 1086)
4(86 87 1088 1087)
4(87 88 1089 1088)
4(88 89 1090 1089)
4(89 90 1091 1090)
4(910 1911 1912 911)
4(911 1912 1913 912)
4(912 1913 1914 913)
4(913 1914 1915 914)
4(914 1915 1916 915)
4(915 1916 1917 916)
4(916 1917 1918 917)
4(917 1918 1919 918)
4(918 1919 1920 919)
4(919 1920 1921 920)
4(920 1921 1922 921)
4(921 1922 1923 922)
4(922 1923 1924 923)
4(923 1924 1925 924)
4(924 1925 1926 925)
4(925 1926 1927 926)
4(926 1927 1928 927)
4(927 1928 1929 928)
4(928 1929 1930 929)
4(929 1930 1931 930)
4(930 1931 1932 931)
4(931 1932 1933 932)
4(932 1933 1934 933)
4(933 1934 1935 934)
4(934 1935 1936 935)
4(935 1936 1937 936)
4(936 1937 1938 937)
4(937 1938 1939 938)
4(938 1939 1940 939)
4(939 1940 1941 940)
4(940 1941 1942 941)
4(941 1942 1943 942)
4(942 1943 1944 943)
4(943 1944 1945 944)
4(944 1945 1946 945)
4(945 1946 1947 946)
4(946 1947 1948 947)
4(947 1948 1949 948)
4(948 1949 1950 949)
4(949 1950 1951 950)
4(950 1951 1952 951)
4(951 1952 1953 952)
4(952 1953 1954 953)
4(953 1954 1955 954)
4(954 1955 1956 955)
4(955 1956 1957 956)
4(956 1957 1958 957)
4(957 1958 1959 958)
4(958 1959 1960 959)
4(959 1960 1961 960)
4(960 1961 1962 961)
4(961 1962 1963 962)
4(962 1963 1964 963)
4(963 1964 1965 964)
4(964 1965 1966 965)
4(965 1966 1967 966)
4(966 1967 1968 967)
4(967 1968 1969 968)
4(968 1969 1970 969)
4(969 1970 1971 970)
4(970 1971 1972 971)
4(971 1972 1973 972)
4(972 1973 1974 973)
4(973 1974 1975 974)
4(974 1975 1976 975)
4(975 1976 1977 976)
4(976 1977 1978 977)
4(977 1978 1979 978)
4(978 1979 1980 979)
4(979 1980 1981 980)
4(980 1981 1982 981)
4(981 1982 1983 982)
4(982 1983 1984 983)
4(983 1984 1985 984)
4(984 1985 1986 985)
4(985 1986 1987 986)
4(986 1987 1988 987)
4(987 1988 1989 988)
4(988 1989 1990 989)
4(989 1990 1991 990)
4(990 1991 1992 991)
4(991 1992 1993 992)
4(992 1993 1994 993)
4(993 1994 1995 994)
4(994 1995 1996 995)
4(995 1996 1997 996)
4(996 1997 1998 997)
4(997 1998 1999 998)
4(998 1999 2000 999)
4(999 2000 2001 1000)
4(0 1001 1092 91)
4(91 1092 1183 182)
4(182 1183 1274 273)
4(273 1274 1365 364)
4(364 1365 1456 455)
4(455 1456 1547 546)
4(546 1547 1638 637)
4(637 1638 1729 728)
4(728 1729 1820 819)
4(819 1820 1911 910)
4(90 181 1182 1091)
4(181 272 1273 1182)
4(272 363 1364 1273)
4(363 454 1455 1364)
4(454 545 1546 1455)
4(545 636 1637 1546)
4(636 727 1728 1637)
4(727 818 1819 1728)
4(818 909 1910 1819)
4(909 1000 2001 1910)
4(0 91 92 1)
4(91 182 183 92)
4(182 273 274 183)
4(273 364 365 274)
4(364 455 456 365)
4(455 546 547 456)
4(546 637 638 547)
4(637 728 729 638)
4(728 819 820 729)
4(819 910 911 820)
4(1 92 93 2)
4(92 183 184 93)
4(183 274 275 184)
4(274 365 366 275)
4(365 456 457 366)
4(456 547 548 457)
4(547 638 639 548)
4(638 729 730 639)
4(729 820 821 730)
4(820 911 912 821)
4(2 93 94 3)
4(93 184 185 94)
4(184 275 276 185)
4(275 366 367 276)
4(366 457 458 367)
4(457 548 549 458)
4(548 639 640 549)
4(639 730 731 640)
4(730 821 822 731)
4(821 912 913 822)
4(3 94 95 4)
4(94 185 186 95)
4(185 276 277 186)
4(276 367 368 277)
4(367 458 459 368)
4(458 549 550 459)
4(549 640 641 550)
4(640 731 732 641)
4(731 822 823 732)
4(822 913 914 823)
4(4 95 96 5)
4(95 186 187 96)
4(186 277 278 187)
4(277 368 369 278)
4(368 459 460 369)
4(459 550 551 460)
4(550 641 642 551)
4(641 732 733 642)
4(732 823 824 733)
4(823 914 915 824)
4(5 96 97 6)
4(96 187 188 97)
4(187 278 279 188)
4(278 369 370 279)
4(369 460 461 370)
4(460 551 552 461)
4(551 642 643 552)
4(642 733 734 643)
4(733 824 825 734)
4(824 915 916 825)
4(6 97 98 7)
4(97 188 189 98)
4(188 279 280 189)
4(279 370 371 280)
4(370 461 462 371)
4(461 552 553 462)
4(552 643 644 553)
4(643 734 735 644)
4(734 825 826 735)
4(825 916 917 826)
4(7 98 99 8)
4(98 189 190 99)
4(189 280 281 190)
4(280 371 372 281)
4(371 462 463 372)
4(462 553 554 463)
4(553 644 645 554)
4(644 735 736 645)
4(735 826 827 736)
4(826 917 918 827)
4(8 99 100 9)
4(99 190 191 100)
4(190 281 282 191)
4(281 372 373 282)
4(372 463 464 373)
4(463 554 555 464)
4(554 645 646 555)
4(645 736 737 646)
4(736 827 828 737)
4(827 918 919 828)
4(9 100 101 10)
4(100 191 192 101)
4(191 282 283 192)
4(282 373 374 283)
4(373 464 465 374)
4(464 555 556 465)
4(555 646 647 556)
4(646 737 738 647)
4(737 828 829 738)
4(828 919 920 829)
4(10 101 102 11)
4(101 192 193 102)
4(192 283 284 193)
4(283 374 375 284)
4(374 465 466 375)
4(465 556 557 466)
4(556 647 648 557)
4(647 738 739 648)
4(738 829 830 739)
4(829 920 921 830)
4(11 102 103 12)
4(102 193 194 103)
4(193 284 285 194)
4(284 375 376 285)
4(375 466 467 376)
4(466 557 558 467)
4(557 648 649 558)
4(648 739 740 649)
4(739 830 831 740)
4(830 921 922 831)
4(12 103 104 13)
4(103 194 195 104)
4(194 285 286 195)
4(285 376 377 286)
4(376 467 468 377)
4(467 558 559 468)
4(558 649 650 559)
4(649 740 741 650)
4(740 831 832 741)
4(831 922 923 832)
4(13 104 105 14)
4(104 195 196 105)
4(195 286 287 196)
4(286 377 378 287)
4(377 468 469 378)
4(468 559 560 469)
4(559 650 651 560)
4(650 741 742 651)
4(741 832 833 742)
4(832 923 924 833)
4(14 105 106 15)
4(105 196 197 106)
4(196 287 288 197)
4(287 378 379 288)
4(378 469 470 379)
4(469 560 561 470)
4(560 651 652 561)
4(651 742 743 652)
4(742 833 834 743)
4(833 924 925 834)
4(15 106 107 16)
4(106 197 198 107)
4(197 288 289 198)
4(288 379 380 289)
4(379 470 471 380)
4(470 561 562 471)
4(561 652 653 562)
4(652 743 744 653)
4(743 834 835 744)
4(834 925 926 835)
4(16 107 108 17)
4(107 198 199 108)
4(198 289 290 199)
4(289 380 381 290)
4(380 471 472 381)
4(471 562 563 472)
4(562 653 654 563)
4(653 744 745 654)
4(744 835 836 745)
4(835 926 927 836)
4(17 108 109 18)
4(108 199 200 109)
4(199 290 291 200)
4(290 381 382 291)
4(381 472 473 382)
4(472 563 564 473)
4(563 654 655 564)
4(654 745 746 655)
4(745 836 837 746)
4(836 927 928 837)
4(18 109 110 19)
4(109 200 201 110)
4(200 291 292 201)
4(291 382 383 292)
4(382 473 474 383)
4(473 564 565 474)
4(564 655 656 565)
4(655 746 747 656)
4(746 837 838 747)
4(837 928 929 838)
4(19 110 111 20)
4(110 201 202 111)
4(201 292 293 202)
4(292 383 384 293)
4(383 474 475 384)
4(474 565 566 475)
4(565 656 657 566)
4(656 747 748 657)
4(747 838 839 748)
4(838 929 930 839)
4(20 111 112 21)
4(111 202 203 112)
4(202 293 294 203)
4(293 384 385 294)
4(384 475 476 385)
4(475 566 567 476)
4(566 657 658 567)
4(657 748 749 658)
4(748 839 840 749)
4(839 930 931 840)
4(21 112 113 22)
4(112 203 204 113)
4(203 294 295 204)
4(294 385 386 295)
4(385 476 477 386)
4(476 567 568 477)
4(567 658 659 568)
4(658 749 750 659)
4(749 840 841 750)
4(840 931 932 841)
4(22 113 114 23)
4(113 204 205 114)
4(204 295 296 205)
4(295 386 387 296)
4(386 477 478 387)
4(477 568 569 478)
4(568 659 660 569)
4(659 750 751 660)
4(750 841 842 751)
4(841 932 933 842)
4(23 114 115 24)
4(114 205 206 115)
4(205 296 297 206)
4(296 387 388 297)
4(387 478 479 388)
4(478 569 570 479)
4(569 660 661 570)
4(660 751 752 661)
4(751 842 843 752)
4(842 933 934 843)
4(24 115 116 25)
4(115 206 207 116)
4(206 297 298 207)
4(297 388 389 298)
4(388 479 480 389)
4(479 570 571 480)
4(570 661 662 571)
4(661 752 753 662)
4(752 843 844 753)
4(843 934 935 844)
4(25 116 117 26)
4(116 207 208 117)
4(207 298 299 208)
4(298 389 390 299)
4(389 480 481 390)
4(480 571 572 481)
4(571 662 663 572)
4(662 753 754 663)
4(753 844 845 754)
4(844 935 936 845)
4(26 117 118 27)
4(117 208 209 118)
4(208 299 300 209)
4(299 390 391 300)
4(390 481 482 391)
4(481 572 573 482)
4(572 663 664 573)
4(663 754 755 664)
4(754 845 846 755)
4(845 936 937 846)
4(27 118 119 28)
4(118 209 210 119)
4(209 300 301 210)
4(300 391 392 301)
4(391 482 483 392)
4(482 573 574 483)
4(573 664 665 574)
4(664 755 756 665)
4(755 846 847 756)
4(846 937 938 847)
4(28 119 120 29)
4(119 210 211 120)
4(210 301 302 211)
4(301 392 393 302)
4(392 483 484 393)
4(483 574 575 484)
4(574 665 666 575)
4(665 756 757 666)
4(756 847 848 757)
4(847 938 939 848)
4(29 120 121 30)
4(120 211 212 121)
4(211 302 303 212)
4(302 393 394 303)
4(393 484 485 394)
4(484 575 576 485)
4(575 666 667 576)
4(666 757 758 667)
4(757 848 849 758)
4(848 939 940 849)
4(30 121 122 31)
4(121 212 213 122)
4(212 303 304 213)
4(303 394 395 304)
4(394 485 486 395)
4(485 576 577 486)
4(576 667 668 577)
4(667 758 759 668)
4(758 849 850 759)
4(849 940 941 850)
4(31 122 123 32)
4(122 213 214 123)
4(213 304 305 214)
4(304 395 396 305)
4(395 486 487 396)
4(486 577 578 487)
4(577 668 669 578)
4(668 759 760 669)
4(759 850 851 760)
4(850 941 942 851)
4(32 123 124 33)
4(123 214 215 124)
4(214 305 306 215)
4(305 396 397 306)
4(396 487 488 397)
4(487 578 579 488)
4(578 669 670 579)
4(669 760 761 670)
4(760 851 852 761)
4(851 942 943 852)
4(33 124 125 34)
4(124 215 216 125)
4(215 306 307 216)
4(306 397 398 307)
4(397 488 489 398)
4(488 579 580 489)
4(579 670 671 580)
4(670 761 762 671)
4(761 852 853 762)
4(852 943 944 853)
4(34 125 126 35)
4(125 216 217 126)
4(216 307 308 217)
4(307 398 399 308)
4(398 489 490 399)
4(489 580 581 490)
4(580 671 672 581)
4(671 762 763 672)
4(762 853 854 763)
4(853 944 945 854)
4(35 126 127 36)
4(126 217 218 127)
4(217 308 309 218)
4(308 399 400 309)
4(399 490 491 400)
4(490 581 582 491)
4(581 672 673 582)
4(672 763 764 673)
4(763 854 855 764)
4(854 945 946 855)
4(36 127 128 37)
4(127 218 219 128)
4(218 309 310 219)
4(309 400 401 310)
4(400 491 492 401)
4(491 582 583 492)
4(582 673 674 583)
4(673 764 765 674)
4(764 855 856 765)
4(855 946 947 856)
4(37 128 129 38)
4(128 219 220 129)
4(219 310 311 220)
4(310 401 402 311)
4(401 492 493 402)
4(492 583 584 493)
4(583 674 675 584)
4(674 765 766 675)
4(765 856 857 766)
4(856 947 948 857)
4(38 129 130 39)
4(129 220 221 130)
4(220 311 312 221)
4(311 402 403 312)
4(402 493 494 403)
4(493 584 585 494)
4(584 675 676 585)
4(675 766 767 676)
4(766 857 858 767)
4(857 948 949 858)
4(39 130 131 40)
4(130 221 222 131)
4(221 312 313 222)
4(312 403 404 313)
4(403 494 495 404)
4(494 585 586 495)
4(585 676 677 586)
4(676 767 768 677)
4(767 858 859 768)
4(858 949 950 859)
4(40 131 132 41)
4(131 222 223 132)
4(222 313 314 223)
4(313 404 405 314)
4(404 495 496 405)
4(495 586 587 496)
4(586 677 678 587)
4(677 768 769 678)
4(768 859 860 769)
4(859 950 951 860)
4(41 132 133 42)
4(132 223 224 133)
4(223 314 315 224)
4(314 405 406 315)
4(405 496 497 406)
4(496 587 588 497)
4(587 678 679 588)
4(678 769 770 679)
4(769 860 861 770)
4(860 951 952 861)
4(42 133 134 43)
4(133 224 225 134)
4(224 315 316 225)
4(315 406 407 316)
4(406 497 498 407)
4(497 588 589 498)
4(588 679 680 589)
4(679 770 771 680)
4(770 861 862 771)
4(861 952 953 862)
4(43 134 135 44)
4(134 225 226 135)
4(225 316 317 226)
4(316 407 408 317)
4(407 498 499 408)
4(498 589 590 499)
4(589 680 681 590)
4(680 771 772 681)
4(771 862 863 772)
4(862 953 954 863)
4(44 135 136 45)
4(135 226 227 136)
4(226 317 318 227)
4(317 408 409 318)
4(408 499 500 409)
4(499 590 591 500)
4(590 681 682 591)
4(681 772 773 682)
4(772 863 864 773)
4(863 954 955 864)
4(45 136 137 46)
4(136 227 228 137)
4(227 318 319 228)
4(318 409 410 319)
4(409 500 501 410)
4(500 591 592 501)
4(591 682 683 592)
4(682 773 774 683)
4(773 864 865 774)
4(864 955 956 865)
4(46 137 138 47)
4(137 228 229 138)
4(228 319 320 229)
4(319 410 411 320)
4(410 501 502 411)
4(501 592 593 502)
4(592 683 684 593)
4(683 774 775 684)
4(774 865 866 775)
4(865 956 957 866)
4(47 138 139 48)
4(138 229 230 139)
4(229 320 321 230)
4(320 411 412 321)
4(411 502 503 412)
4(502 593 594 503)
4(593 684 685 594)
4(684 775 776 685)
4(775 866 867 776)
4(866 957 958 867)
4(48 139 140 49)
4(139 230 231 140)
4(230 321 322 231)
4(321 412 413 322)
4(412 503 504 413)
4(503 594 595 504)
4(594 685 686 595)
4(685 776 777 686)
4(776 867 868 777)
4(867 958 959 868)
4(49 140 141 50)
4(140 231 232 141)
4(231 322 323 232)
4(322 413 414 323)
4(413 504 505 414)
4(504 595 596 505)
4(595 686 687 596)
4(686 777 778 687)
4(777 868 869 778)
4(868 959 960 869)
4(50 141 142 51)
4(141 232 233 142)
4(232 323 324 233)
4(323 414 415 324)
4(414 505 506 415)
4(505 596 597 506)
4(596 687 688 597)
4(687 778 779 688)
4(778 869 870 779)
4(869 960 961 870)
4(51 142 143 52)
4(142 233 234 143)
4(233 324 325 234)
4(324 415 416 325)
4(415 506 507 416)
4(506 597 598 507)
4(597 688 689 598)
4(688 779 780 689)
4(779 870 871 780)
4(870 961 962 871)
4(52 143 144 53)
4(143 234 235 144)
4(234 325 326 235)
4(325 416 417 326)
4(416 507 508 417)
4(507 598 599 508)
4(598 689 690 599)
4(689 780 781 690)
4(780 871 872 781)
4(871 962 963 872)
4(53 144 145 54)
4(144 235 236 145)
4(235 326 327 236)
4(326 417 418 327)
4(417 508 509 418)
4(508 599 600 509)
4(599 690 691 600)
4(690 781 782 691)
4(781 872 873 782)
4(872 963 964 873)
4(54 145 146 55)
4(145 236 237 146)
4(236 327 328 237)
4(327 418 419 328)
4(418 509 510 419)
4(509 600 601 510)
4(600 691 692 601)
4(691 782 783 692)
4(782 873 874 783)
4(873 964 965 874)
4(55 146 147 56)
4(146 237 238 147)
4(237 328 329 238)
4(328 419 420 329)
4(419 510 511 420)
4(510 601 602 511)
4(601 692 693 602)
4(692 783 784 693)
4(783 874 875 784)
4(874 965 966 875)
4(56 147 148 57)
4(147 238 239 148)
4(238 329 330 239)
4(329 420 421 330)
4(420 511 512 421)
4(511 602 603 512)
4(602 693 694 603)
4(693 784 785 694)
4(784 875 876 785)
4(875 966 967 876)
4(57 148 149 58)
4(148 239 240 149)
4(239 330 331 240)
4(330 421 422 331)
4(421 512 513 422)
4(512 603 604 513)
4(603 694 695 604)
4(694 785 786 695)
4(785 876 877 786)
4(876 967 968 877)
4(58 149 150 59)
4(149 240 241 150)
4(240 331 332 241)
4(331 422 423 332)
4(422 513 514 423)
4(513 604 605 514)
4(604 695 696 605)
4(695 786 787 696)
4(786 877 878 787)
4(877 968 969 878)
4(59 150 151 60)
4(150 241 242 151)
4(241 332 333 242)
4(332 423 424 333)
4(423 514 515 424)
4(514 605 606 515)
4(605 696 697 606)
4(696 787 788 697)
4(787 878 879 788)
4(878 969 970 879)
4(60 151 152 61)
4(151 242 243 152)
4(242 333 334 243)
4(333 424 425 334)
4(424 515 516 425)
4(515 606 607 516)
4(606 697 698 607)
4(697 788 789 698)
4(788 879 880 789)
4(879 970 971 880)
4(61 152 153 62)
4(152 243 244 153)
4(243 334 335 244)
4(334 425 426 335)
4(425 516 517 426)
4(516 607 608 517)
4(607 698 699 608)
4(698 789 790 699)
4(789 880 881 790)
4(880 971 972 881)
4(62 153 154 63)
4(153 244 245 154)
4(244 335 336 245)
4(335 426 427 336)
4(426 517 518 427)
4(517 608 609 518)
4(608 699 700 609)
4(699 790 791 700)
4(790 881 882 791)
4(881 972 973 882)
4(63 154 155 64)
4(154 245 246 155)
4(245 336 337 246)
4(336 427 428 337)
4(427 518 519 428)
4(518 609 610 519)
4(609 700 701 610)
4(700 791 792 701)
4(791 882 883 792)
4(882 973 974 883)
4(64 155 156 65)
4(155 246 247 156)
4(246 337 338 247)
4(337 428 429 338)
4(428 519 520 429)
4(519 610 611 520)
4(610 701 702 611)
4(701 792 793 702)
4(792 883 884 793)
4(883 974 975 884)
4(65 156 157 66)
4(156 247 248 157)
4(247 338 339 248)
4(338 429 430 339)
4(429 520 521 430)
4(520 611 612 521)
4(611 702 703 612)
4(702 793 794 703)
4(793 884 885 794)
4(884 975 976 885)
4(66 157 158 67)
4(157 248 249 158)
4(248 339 340 249)
4(339 430 431 340)
4(430 521 522 431)
4(521 612 613 522)
4(612 703 704 613)
4(703 794 795 704)
4(794 885 886 795)
4(885 976 977 886)
4(67 158 159 68)
4(158 249 250 159)
4(249 340 341 250)
4(340 431 432 341)
4(431 522 523 432)
4(522 613 614 523)
4(613 704 705 614)
4(704 795 796 705)
4(795 886 887 796)
4(886 977 978 887)
4(68 159 160 69)
4(159 250 251 160)
4(250 341 342 251)
4(341 432 433 342)
4(432 523 524 433)
4(523 614 615 524)
4(614 705 706 615)
4(705 796 797 706)
4(796 887 888 797)
4(887 978 979 888)
4(69 160 161 70)
4(160 251 252 161)
4(251 342 343 252)
4(342 433 434 343)
4(433 524 525 434)
4(524 615 616 525)
4(615 706 707 616)
4(706 797 798 707)
4(797 888 889 798)
4(888 979 980 889)
4(70 161 162 71)
4(161 252 253 162)
4(252 343 344 253)
4(343 434 435 344)
4(434 525 526 435)
4(525 616 617 526)
4(616 707 708 617)
4(707 798 799 708)
4(798 889 890 799)
4(889 980 981 890)
4(71 162 163 72)
4(162 253 254 163)
4(253 344 345 254)
4(344 435 436 345)
4(435 526 527 436)
4(526 617 618 527)
4(617 708 709 618)
4(708 799 800 709)
4(799 890 891 800)
4(890 981 982 891)
4(72 163 164 73)
4(163 254 255 164)
4(254 345 346 255)
4(345 436 437 346)
4(436 527 528 437)
4(527 618 619 528)
4(618 709 710 619)
4(709 800 801 710)
4(800 891 892 801)
4(891 982 983 892)
4(73 164 165 74)
4(164 255 256 165)
4(255 346 347 256)
4(346 437 438 347)
4(437 528 529 438)
4(528 619 620 529)
4(619 710 711 620)
4(710 801 802 711)
4(801 892 893 802)
4(892 983 984 893)
4(74 165 166 75)
4(165 256 257 166)
4(256 347 348 257)
4(347 438 439 348)
4(438 529 530 439)
4(529 620 621 530)
4(620 711 712 621)
4(711 802 803 712)
4(802 893 894 803)
4(893 984 985 894)
4(75 166 167 76)
4(166 257 258 167)
4(257 348 349 258)
4(348 439 440 349)
4(439 530 531 440)
4(530 621 622 531)
4(621 712 713 622)
4(712 803 804 713)
4(803 894 895 804)
4(894 985 986 895)
4(76 167 168 77)
4(167 258 259 168)
4(258 349 350 259)
4(349 440 441 350)
4(440 531 532 441)
4(531 622 623 532)
4(622 713 714 623)
4(713 804 805 714)
4(804 895 896 805)
4(895 986 987 896)
4(77 168 169 78)
4(168 259 260 169)
4(259 350 351 260)
4(350 441 442 351)
4(441 532 533 442)
4(532 623 624 533)
4(623 714 715 624)
4(714 805 806 715)
4(805 896 897 806)
4(896 987 988 897)
4(78 169 170 79)
4(169 260 261 170)
4(260 351 352 261)
4(351 442 443 352)
4(442 533 534 443)
4(533 624 625 534)
4(624 715 716 625)
4(715 806 807 716)
4(806 897 898 807)
4(897 988 989 898)
4(79 170 171 80)
4(170 261 262 171)
4(261 352 353 262)
4(352 443 444 353)
4(443 534 535 444)
4(534 625 626 535)
4(625 716 717 626)
4(716 807 808 717)
4(807 898 899 808)
4(898 989 990 899)
4(80 171 172 81)
4(171 262 263 172)
4(262 353 354 263)
4(353 444 445 354)
4(444 535 536 445)
4(535 626 627 536)
4(626 717 718 627)
4(717 808 809 718)
4(808 899 900 809)
4(899 990 991 900)
4(81 172 173 82)
4(172 263 264 173)
4(263 354 355 264)
4(354 445 446 355)
4(445 536 537 446)
4(536 627 628 537)
4(627 718 719 628)
4(718 809 810 719)
4(809 900 901 810)
4(900 991 992 901)
4(82 173 174 83)
4(173 264 265 174)
4(264 355 356 265)
4(355 446 447 356)
4(446 537 538 447)
4(537 628 629 538)
4(628 719 720 629)
4(719 810 811 720)
4(810 901 902 811)
4(901 992 993 902)
4(83 174 175 84)
4(174 265 266 175)
4(265 356 357 266)
4(356 447 448 357)
4(447 538 539 448)
4(538 629 630 539)
4(629 720 721 630)
4(720 811 812 721)
4(811 902 903 812)
4(902 993 994 903)
4(84 175 176 85)
4(175 266 267 176)
4(266 357 358 267)
4(357 448 449 358)
4(448 539 540 449)
4(539 630 631 540)
4(630 721 722 631)
4(721 812 813 722)
4(812 903 904 813)
4(903 994 995 904)
4(85 176 177 86)
4(176 267 268 177)
4(267 358 359 268)
4(358 449 450 359)
4(449 540 541 450)
4(540 631 632 541)
4(631 722 723 632)
4(722 813 814 723)
4(813 904 905 814)
4(904 995 996 905)
4(86 177 178 87)
4(177 268 269 178)
4(268 359 360 269)
4(359 450 451 360)
4(450 541 542 451)
4(541 632 633 542)
4(632 723 724 633)
4(723 814 815 724)
4(814 905 906 815)
4(905 996 997 906)
4(87 178 179 88)
4(178 269 270 179)
4(269 360 361 270)
4(360 451 452 361)
4(451 542 543 452)
4(542 633 634 543)
4(633 724 725 634)
4(724 815 816 725)
4(815 906 907 816)
4(906 997 998 907)
4(88 179 180 89)
4(179 270 271 180)
4(270 361 362 271)
4(361 452 453 362)
4(452 543 544 453)
4(543 634 635 544)
4(634 725 726 635)
4(725 816 817 726)
4(816 907 908 817)
4(907 998 999 908)
4(89 180 181 90)
4(180 271 272 181)
4(271 362 363 272)
4(362 453 454 363)
4(453 544 545 454)
4(544 635 636 545)
4(635 726 727 636)
4(726 817 818 727)
4(817 908 909 818)
4(908 999 1000 909)
4(1001 1002 1093 1092)
4(1092 1093 1184 1183)
4(1183 1184 1275 1274)
4(1274 1275 1366 1365)
4(1365 1366 1457 1456)
4(1456 1457 1548 1547)
4(1547 1548 1639 1638)
4(1638 1639 1730 1729)
4(1729 1730 1821 1820)
4(1820 1821 1912 1911)
4(1002 1003 1094 1093)
4(1093 1094 1185 1184)
4(1184 1185 1276 1275)
4(1275 1276 1367 1366)
4(1366 1367 1458 1457)
4(1457 1458 1549 1548)
4(1548 1549 1640 1639)
4(1639 1640 1731 1730)
4(1730 1731 1822 1821)
4(1821 1822 1913 1912)
4(1003 1004 1095 1094)
4(1094 1095 1186 1185)
4(1185 1186 1277 1276)
4(1276 1277 1368 1367)
4(1367 1368 1459 1458)
4(1458 1459 1550 1549)
4(1549 1550 1641 1640)
4(1640 1641 1732 1731)
4(1731 1732 1823 1822)
4(1822 1823 1914 1913)
4(1004 1005 1096 1095)
4(1095 1096 1187 1186)
4(1186 1187 1278 1277)
4(1277 1278 1369 1368)
4(1368 1369 1460 1459)
4(1459 1460 1551 1550)
4(1550 1551 1642 1641)
4(1641 1642 1733 1732)
4(1732 1733 1824 1823)
4(1823 1824 1915 1914)
4(1005 1006 1097 1096)
4(1096 1097 1188 1187)
4(1187 1188 1279 1278)
4(1278 1279 1370 1369)
4(1369 1370 1461 1460)
4(1460 1461 1552 1551)
4(1551 1552 1643 1642)
4(1642 1643 1734 1733)
4(1733 1734 1825 1824)
4(1824 1825 1916 1915)
4(1006 1007 1098 1097)
4(1097 1098 1189 1188)
4(1188 1189 1280 1279)
4(1279 1280 1371 1370)
4(1370 1371 1462 1461)
4(1461 1462 1553 1552)
4(1552 1553 1644 1643)
4(1643 1644 1735 1734)
4(1734 1735 1826 1825)
4(1825 1826 1917 1916)
4(1007 1008 1099 1098)
4(1098 1099 1190 1189)
4(1189 1190 1281 1280)
4(1280 1281 1372 1371)
4(1371 1372 1463 1462)
4(1462 1463 1554 1553)
4(1553 1554 1645 1644)
4(1644 1645 1736 1735)
4(1735 1736 1827 1826)
4(1826 1827 1918 1917)
4(1008 1009 1100 1099)
4(1099 1100 1191 1190)
4(1190 1191 1282 1281)
4(1281 1282 1373 1372)
4(1372 1373 1464 1463)
4(1463 1464 1555 1554)
4(1554 1555 1646 1645)
4(1645 1646 1737 1736)
4(1736 1737 1828 1827)
4(1827 1828 1919 1918)
4(1009 1010 1101 1100)
4(1100 1101 1192 1191)
4(1191 1192 1283 1282)
4(1282 1283 1374 1373)
4(1373 1374 1465 1464)
4(1464 1465 1556 1555)
4(1555 1556 1647 1646)
4(1646 1647 1738 1737)
4(1737 1738 1829 1828)
4(1828 1829 1920 1919)
4(1010 1011 1102 1101)
4(1101 1102 1193 1192)
4(1192 1193 1284 1283)
4(1283 1284 1375 1374)
4(1374 1375 1466 1465)
4(1465 1466 1557 1556)
4(1556 1557 1648 1647)
4(1647 1648 1739 1738)
4(1738 1739 1830 1829)
4(1829 1830 1921 1920)
4(1011 1012 1103 1102)
4(1102 1103 1194 1193)
4(1193 1194 1285 1284)
4(1284 1285 1376 1375)
4(1375 1376 1467 1466)
4(1466 1467 1558 1557)
4(1557 1558 1649 1648)
4(1648 1649 1740 1739)
4(1739 1740 1831 1830)
4(1830 1831 1922 1921)
4(1012 1013 1104 1103)
4(1103 1104 1195 1194)
4(1194 1195 1286 1285)
4(1285 1286 1377 1376)
4(1376 1377 1468 1467)
4(1467 1468 1559 1558)
4(1558 1559 1650 1649)
4(1649 1650 1741 1740)
4(1740 1741 1832 1831)
4(1831 1832 1923 1922)
4(1013 1014 1105 1104)
4(1104 1105 1196 1195)
4(1195 1196 1287 1286)
4(1286 1287 1378 1377)
4(1377 1378 1469 1468)
4(1468 1469 1560 1559)
4(1559 1560 1651 1650)
4(1650 1651 1742 1741)
4(1741 1742 1833 1832)
4(1832 1833 1924 1923)
4(1014 1015 1106 1105)
4(1105 1106 1197 1196)
4(1196 1197 1288 1287)
4(1287 1288 1379 1378)
4(1378 1379 1470 1469)
4(1469 1470 1561 1560)
4(1560 1561 1652 1651)
4(1651 1652 1743 1742)
4(1742 1743 1834 1833)
4(1833 1834 1925 1924)
4(1015 1016 1107 1106)
4(1106 1107 1198 1197)
4(1197 1198 1289 1288)
4(1288 1289 1380 1379)
4(1379 1380 1471 1470)
4(1470 1471 1562 1561)
4(1561 1562 1653 1652)
4(1652 1653 1744 1743)
4(1743 1744 1835 1834)
4(1834 1835 1926 1925)
4(1016 1017 1108 1107)
4(1107 1108 1199 1198)
4(1198 1199 1290 1289)
4(1289 1290 1381 1380)
4(1380 1381 1472 1471)
4(1471 1472 1563 1562)
4(1562 1563 1654 1653)
4(1653 1654 1745 1744)
4(1744 1745 1836 1835)
4(1835 1836 1927 1926)
4(1017 1018 1109 1108)
4(1108 1109 1200 1199)
4(1199 1200 1291 1290)
4(1290 1291 1382 1381)
4(1381 1382 1473 1472)
4(1472 1473 1564 1563)
4(1563 1564 1655 1654)
4(1654 1655 1746 1745)
4(1745 1746 1837 1836)
4(1836 1837 1928 1927)
4(1018 1019 1110 1109)
4(1109 1110 1201 1200)
4(1200 1201 1292 1291)
4(1291 1292 1383 1382)
4(1382 1383 1474 1473)
4(1473 1474 1565 1564)
4(1564 1565 1656 1655)
4(1655 1656 1747 1746)
4(1746 1747 1838 1837)
4(1837 1838 1929 1928)
4(1019 1020 1111 1110)
4(1110 1111 1202 1201)
4(1201 1202 1293 1292)
4(1292 1293 1384 1383)
4(1383 1384 1475 1474)
4(1474 1475 1566 1565)
4(1565 1566 1657 1656)
4(1656 1657 1748 1747)
4(1747 1748 1839 1838)
4(1838 1839 1930 1929)
4(1020 1021 1112 1111)
4(1111 1112 1203 1202)
4(1202 1203 1294 1293)
4(1293 1294 1385 1384)
4(1384 1385 1476 1475)
4(1475 1476 1567 1566)
4(1566 1567 1658 1657)
4(1657 1658 1749 1748)
4(1748 1749 1840 1839)
4(1839 1840 1931 1930)
4(1021 1022 1113 1112)
4(1112 1113 1204 1203)
4(1203 1204 1295 1294)
4(1294 1295 1386 1385)
4(1385 1386 1477 1476)
4(1476 1477 1568 1567)
4(1567 1568 1659 1658)
4(1658 1659 1750 1749)
4(1749 1750 1841 1840)
4(1840 1841 1932 1931)
4(1022 1023 1114 1113)
4(1113 1114 1205 1204)
4(1204 1205 1296 1295)
4(1295 1296 1387 1386)
4(1386 1387 1478 1477)
4(1477 1478 1569 1568)
4(1568 1569 1660 1659)
4(1659 1660 1751 1750)
4(1750 1751 1842 1841)
4(1841 1842 1933 1932)
4(1023 1024 1115 1114)
4(1114 1115 1206 1205)
4(1205 1206 1297 1296)
4(1296 1297 1388 1387)
4(1387 1388 1479 1478)
4(1478 1479 1570 1569)
4(1569 1570 1661 1660)
4(1660 1661 1752 1751)
4(1751 1752 1843 1842)
4(1842 1843 1934 1933)
4(1024 1025 1116 1115)
4(1115 1116 1207 1206)
4(1206 1207 1298 1297)
4(1297 1298 1389 1388)
4(1388 1389 1480 1479)
4(1479 1480 1571 1570)
4(1570 1571 1662 1661)
4(1661 1662 1753 1752)
4(1752 1753 1844 1843)
4(1843 1844 1935 1934)
4(1025 1026 1117 1116)
4(1116 1117 1208 1207)
4(1207 1208 1299 1298)
4(1298 1299 1390 1389)
4(1389 1390 1481 1480)
4(1480 1481 1572 1571)
4(1571 1572 1663 1662)
4(1662 1663 1754 1753)
4(1753 1754 1845 1844)
4(1844 1845 1936 1935)
4(1026 1027 1118 1117)
4(1117 1118 1209 1208)
4(1208 1209 1300 1299)
4(1299 1300 1391 1390)
4(1390 1391 1482 1481)
4(1481 1482 1573 1572)
4(1572 1573 1664 1663)
4(1663 1664 1755 1754)
4(1754 1755 1846 1845)
4(1845 1846 1937 1936)
4(1027 1028 1119 1118)
4(1118 1119 1210 1209)
4(1209 1210 1301 1300)
4(1300 1301 1392 1391)
4(1391 1392 1483 1482)
4(1482 1483 1574 1573)
4(1573 1574 1665 1664)
4(1664 1665 1756 1755)
4(1755 1756 1847 1846)
4(1846 1847 1938 1937)
4(1028 1029 1120 1119)
4(1119 1120 1211 1210)
4(1210 1211 1302 1301)
4(1301 1302 1393 1392)
4(1392 1393 1484 1483)
4(1483 1484 1575 1574)
4(1574 1575 1666 1665)
4(1665 1666 1757 1756)
4(1756 1757 1848 1847)
4(1847 1848 1939 1938)
4(1029 1030 1121 1120)
4(1120 1121 1212 1211)
4(1211 1212 1303 1302)
4(1302 1303 1394 1393)
4(1393 1394 1485 1484)
4(1484 1485 1576 1575)
4(1575 1576 1667 1666)
4(1666 1667 1758 1757)
4(1757 1758 1849 1848)
4(1848 1849 1940 1939)
4(1030 1031 1122 1121)
4(1121 1122 1213 1212)
4(1212 1213 1304 1303)
4(1303 1304 1395 1394)
4(1394 1395 1486 1485)
4(1485 1486 1577 1576)
4(1576 1577 1668 1667)
4(1667 1668 1759 1758)
4(1758 1759 1850 1849)
4(1849 1850 1941 1940)
4(1031 1032 1123 1122)
4(1122 1123 1214 1213)
4(1213 1214 1305 1304)
4(1304 1305 1396 1395)
4(1395 1396 1487 1486)
4(1486 1487 1578 1577)
4(1577 1578 1669 1668)
4(1668 1669 1760 1759)
4(1759 1760 1851 1850)
4(1850 1851 1942 1941)
4(1032 1033 1124 1123)
4(1123 1124 1215 1214)
4(1214 1215 1306 1305)
4(1305 1306 1397 1396)
4(1396 1397 1488 1487)
4(1487 1488 1579 1578)
4(1578 1579 1670 1669)
4(1669 1670 1761 1760)
4(1760 1761 1852 1851)
4(1851 1852 1943 1942)
4(1033 1034 1125 1124)
4(1124 1125 1216 1215)
4(1215 1216 1307 1306)
4(1306 1307 1398 1397)
4(1397 1398 1489 1488)
4(1488 1489 1580 1579)
4(1579 1580 1671 1670)
4(1670 1671 1762 1761)
4(1761 1762 1853 1852)
4(1852 1853 1944 1943)
4(1034 1035 1126 1125)
4(1125 1126 1217 1216)
4(1216 1217 1308 1307)
4(1307 1308 1399 1398)
4(1398 1399 1490 1489)
4(1489 1490 1581 1580)
4(1580 1581 1672 1671)
4(1671 1672 1763 1762)
4(1762 1763 1854 1853)
4(1853 1854 1945 1944)
4(1035 1036 1127 1126)
4(1126 1127 1218 1217)
4(1217 1218 1309 1308)
4(1308 1309 1400 1399)
4(1399 1400 1491 1490)
4(1490 1491 1582 1581)
4(1581 1582 1673 1672)
4(1672 1673 1764 1763)
4(1763 1764 1855 1854)
4(1854 1855 1946 1945)
4(1036 1037 1128 1127)
4(1127 1128 1219 1218)
4(1218 1219 1310 1309)
4(1309 1310 1401 1400)
4(1400 1401 1492 1491)
4(1491 1492 1583 1582)
4(1582 1583 1674 1673)
4(1673 1674 1765 1764)
4(1764 1765 1856 1855)
4(1855 1856 1947 1946)
4(1037 1038 1129 1128)
4(1128 1129 1220 1219)
4(1219 1220 1311 1310)
4(1310 1311 1402 1401)
4(1401 1402 1493 1492)
4(1492 1493 1584 1583)
4(1583 1584 1675 1674)
4(1674 1675 1766 1765)
4(1765 1766 1857 1856)
4(1856 1857 1948 1947)
4(1038 1039 1130 1129)
4(1129 1130 1221 1220)
4(1220 1221 1312 1311)
4(1311 1312 1403 1402)
4(1402 1403 1494 1493)
4(1493 1494 1585 1584)
4(1584 1585 1676 1675)
4(1675 1676 1767 1766)
4(1766 1767 1858 1857)
4(1857 1858 1949 1948)
4(1039 1040 1131 1130)
4(1130 1131 1222 1221)
4(1221 1222 1313 1312)
4(1312 1313 1404 1403)
4(1403 1404 1495 1494)
4(1494 1495 1586 1585)
4(1585 1586 1677 1676)
4(1676 1677 1768 1767)
4(1767 1768 1859 1858)
4(1858 1859 1950 1949)
4(1040 1041 1132 1131)
4(1131 1132 1223 1222)
4(1222 1223 1314 1313)
4(1313 1314 1405 1404)
4(1404 1405 1496 1495)
4(1495 1496 1587 1586)
4(1586 1587 1678 1677)
4(1677 1678 1769 1768)
4(1768 1769 1860 1859)
4(1859 1860 1951 1950)
4(1041 1042 1133 1132)
4(1132 1133 1224 1223)
4(1223 1224 1315 1314)
4(1314 1315 1406 1405)
4(1405 1406 1497 1496)
4(1496 1497 1588 1587)
4(1587 1588 1679 1678)
4(1678 1679 1770 1769)
4(1769 1770 1861 1860)
4(1860 1861 1952 1951)
4(1042 1043 1134 1133)
4(1133 1134 1225 1224)
4(1224 1225 1316 1315)
4(1315 1316 1407 1406)
4(1406 1407 1498 1497)
4(1497 1498 1589 1588)
4(1588 1589 1680 1679)
4(1679 1680 1771 1770)
4(1770 1771 1862 1861)
4(1861 1862 1953 1952)
4(1043 1044 1135 1134)
4(1134 1135 1226 1225)
4(1225 1226 1317 1316)
4(1316 1317 1408 1407)
4(1407 1408 1499 1498)
4(1498 1499 1590 1589)
4(1589 1590 1681 1680)
4(1680 1681 1772 1771)
4(1771 1772 1863 1862)
4(1862 1863 1954 1953)
4(1044 1045 1136 1135)
4(1135 1136 1227 1226)
4(1226 1227 1318 1317)
4(1317 1318 1409 1408)
4(1408 1409 1500 1499)
4(1499 1500 1591 1590)
4(1590 1591 1682 1681)
4(1681 1682 1773 1772)
4(1772 1773 1864 1863)
4(1863 1864 1955 1954)
4(1045 1046 1137 1136)
4(1136 1137 1228 1227)
4(1227 1228 1319 1318)
4(1318 1319 1410 1409)
4(1409 1410 1501 1500)
4(1500 1501 1592 1591)
4(1591 1592 1683 1682)
4(1682 1683 1774 1773)
4(1773 1774 1865 1864)
4(1864 1865 1956 1955)
4(1046 1047 1138 1137)
4(1137 1138 1229 1228)
4(1228 1229 1320 1319)
4(1319 1320 1411 1410)
4(1410 1411 1502 1501)
4(1501 1502 1593 1592)
4(1592 1593 1684 1683)
4(1683 1684 1775 1774)
4(1774 1775 1866 1865)
4(1865 1866 1957 1956)
4(1047 1048 1139 1138)
4(1138 1139 1230 1229)
4(1229 1230 1321 1320)
4(1320 1321 1412 1411)
4(1411 1412 1503 1502)
4(1502 1503 1594 1593)
4(1593 1594 1685 1684)
4(1684 1685 1776 1775)
4(1775 1776 1867 1866)
4(1866 1867 1958 1957)
4(1048 1049 1140 1139)
4(1139 1140 1231 1230)
4(1230 1231 1322 1321)
4(1321 1322 1413 1412)
4(1412 1413 1504 1503)
4(1503 1504 1595 1594)
4(1594 1595 1686 1685)
4(1685 1686 1777 1776)
4(1776 1777 1868 1867)
4(1867 1868 1959 1958)
4(1049 1050 1141 1140)
4(1140 1141 1232 1231)
4(1231 1232 1323 1322)
4(1322 1323 1414 1413)
4(1413 1414 1505 1504)
4(1504 1505 1596 1595)
4(1595 1596 1687 1686)
4(1686 1687 1778 1777)
4(1777 1778 1869 1868)
4(1868 1869 1960 1959)
4(1050 1051 1142 1141)
4(1141 1142 1233 1232)
4(1232 1233 1324 1323)
4(1323 1324 1415 1414)
4(1414 1415 1506 1505)
4(1505 1506 1597 1596)
4(1596 1597 1688 1687)
4(1687 1688 1779 1778)
4(1778 1779 1870 1869)
4(1869 1870 1961 1960)
4(1051 1052 1143 1142)
4(1142 1143 1234 1233)
4(1233 1234 1325 1324)
4(1324 1325 1416 1415)
4(1415 1416 1507 1506)
4(1506 1507 1598 1597)
4(1597 1598 1689 1688)
4(1688 1689 1780 1779)
4(1779 1780 1871 1870)
4(1870 1871 1962 1961)
4(1052 1053 1144 1143)
4(1143 1144 1235 1234)
4(1234 1235 1326 1325)
4(1325 1326 1417 1416)
4(1416 1417 1508 1507)
4(1507 1508 1599 1598)
4(1598 1599 1690 1689)
4(1689 1690 1781 1780)
4(1780 1781 1872 1871)
4(1871 1872 1963 1962)
4(1053 1054 1145 1144)
4(1144 1145 1236 1235)
4(1235 1236 1327 1326)
4(1326 1327 1418 1417)
4(1417 1418 1509 1508)
4(1508 1509 1600 1599)
4(1599 1600 1691 1690)
4(1690 1691 1782 1781)
4(1781 1782 1873 1872)
4(1872 1873 1964 1963)
4(1054 1055 1146 1145)
4(1145 1146 1237 1236)
4(1236 1237 1328 1327)
4(1327 1328 1419 1418)
4(1418 1419 1510 1509)
4(1509 1510 1601 1600)
4(1600 1601 1692 1691)
4(1691 1692 1783 1782)
4(1782 1783 1874 1873)
4(1873 1874 1965 1964)
4(1055 1056 1147 1146)
4(1146 1147 1238 1237)
4(1237 1238 1329 1328)
4(1328 1329 1420 1419)
4(1419 1420 1511 1510)
4(1510 1511 1602 1601)
4(1601 1602 1693 1692)
4(1692 1693 1784 1783)
4(1783 1784 1875 1874)
4(1874 1875 1966 1965)
4(1056 1057 1148 1147)
4(1147 1148 1239 1238)
4(1238 1239 1330 1329)
4(1329 1330 1421 1420)
4(1420 1421 1512 1511)
4(1511 1512 1603 1602)
4(1602 1603 1694 1693)
4(1693 1694 1785 1784)
4(1784 1785 1876 1875)
4(1875 1876 1967 1966)
4(1057 1058 1149 1148)
4(1148 1149 1240 1239)
4(1239 1240 1331 1330)
4(1330 1331 1422 1421)
4(1421 1422 1513 1512)
4(1512 1513 1604 1603)
4(1603 1604 1695 1694)
4(1694 1695 1786 1785)
4(1785 1786 1877 1876)
4(1876 1877 1968 1967)
4(1058 1059 1150 1149)
4(1149 1150 1241 1240)
4(1240 1241 1332 1331)
4(1331 1332 1423 1422)
4(1422 1423 1514 1513)
4(1513 1514 1605 1604)
4(1604 1605 1696 1695)
4(1695 1696 1787 1786)
4(1786 1787 1878 1877)
4(1877 1878 1969 1968)
4(1059 1060 1151 1150)
4(1150 1151 1242 1241)
4(1241 1242 1333 1332)
4(1332 1333 1424 1423)
4(1423 1424 1515 1514)
4(1514 1515 1606 1605)
4(1605 1606 1697 1696)
4(1696 1697 1788 1787)
4(1787 1788 1879 1878)
4(1878 1879 1970 1969)
4(1060 1061 1152 1151)
4(1151 1152 1243 1242)
4(1242 1243 1334 1333)
4(1333 1334 1425 1424)
4(1424 1425 1516 1515)
4(1515 1516 1607 1606)
4(1606 1607 1698 1697)
4(1697 1698 1789 1788)
4(1788 1789 1880 1879)
4(1879 1880 1971 1970)
4(1061 1062 1153 1152)
4(1152 1153 1244 1243)
4(1243 1244 1335 1334)
4(1334 1335 1426 1425)
4(1425 1426 1517 1516)
4(1516 1517 1608 1607)
4(1607 1608 1699 1698)
4(1698 1699 1790 1789)
4(1789 1790 1881 1880)
4(1880 1881 1972 1971)
4(1062 1063 1154 1153)
4(1153 1154 1245 1244)
4(1244 1245 1336 1335)
4(1335 1336 1427 1426)
4(1426 1427 1518 1517)
4(1517 1518 1609 1608)
4(1608 1609 1700 1699)
4(1699 1700 1791 1790)
4(1790 1791 1882 1881)
4(1881 1882 1973 1972)
4(1063 1064 1155 1154)
4(1154 1155 1246 1245)
4(1245 1246 1337 1336)
4(1336 1337 1428 1427)
4(1427 1428 1519 1518)
4(1518 1519 1610 1609)
4(1609 1610 1701 1700)
4(1700 1701 1792 1791)
4(1791 1792 1883 1882)
4(1882 1883 1974 1973)
4(1064 1065 1156 1155)
4(1155 1156 1247 1246)
4(1246 1247 1338 1337)
4(1337 1338 1429 1428)
4(1428 1429 1520 1519)
4(1519 1520 1611 1610)
4(1610 1611 1702 1701)
4(1701 1702 1793 1792)
4(1792 1793 1884 1883)
4(1883 1884 1975 1974)
4(1065 1066 1157 1156)
4(1156 1157 1248 1247)
4(1247 1248 1339 1338)
4(1338 1339 1430 1429)
4(1429 1430 1521 1520)
4(1520 1521 1612 1611)
4(1611 1612 1703 1702)
4(1702 1703 1794 1793)
4(1793 1794 1885 1884)
4(1884 1885 1976 1975)
4(1066 1067 1158 1157)
4(1157 1158 1249 1248)
4(1248 1249 1340 1339)
4(1339 1340 1431 1430)
4(1430 1431 1522 1521)
4(1521 1522 1613 1612)
4(1612 1613 1704 1703)
4(1703 1704 1795 1794)
4(1794 1795 1886 1885)
4(1885 1886 1977 1976)
4(1067 1068 1159 1158)
4(1158 1159 1250 1249)
4(1249 1250 1341 1340)
4(1340 1341 1432 1431)
4(1431 1432 1523 1522)
4(1522 1523 1614 1613)
4(1613 1614 1705 1704)
4(1704 1705 1796 1795)
4(1795 1796 1887 1886)
4(1886 1887 1978 1977)
4(1068 1069 1160 1159)
4(1159 1160 1251 1250)
4(1250 1251 1342 1341)
4(1341 1342 1433 1432)
4(1432 1433 1524 1523)
4(1523 1524 1615 1614)
4(1614 1615 1706 1705)
4(1705 1706 1797 1796)
4(1796 1797 1888 1887)
4(1887 1888 1979 1978)
4(1069 1070 1161 1160)
4(1160 1161 1252 1251)
4(1251 1252 1343 1342)
4(1342 1343 1434 1433)
4(1433 1434 1525 1524)
4(1524 1525 1616 1615)
4(1615 1616 1707 1706)
4(1706 1707 1798 1797)
4(1797 1798 1889 1888)
4(1888 1889 1980 1979)
4(1070 1071 1162 1161)
4(1161 1162 1253 1252)
4(1252 1253 1344 1343)
4(1343 1344 1435 1434)
4(1434 1435 1526 1525)
4(1525 1526 1617 1616)
4(1616 1617 1708 1707)
4(1707 1708 1799 1798)
4(1798 1799 1890 1889)
4(1889 1890 1981 1980)
4(1071 1072 1163 1162)
4(1162 1163 1254 1253)
4(1253 1254 1345 1344)
4(1344 1345 1436 1435)
4(1435 1436 1527 1526)
4(1526 1527 1618 1617)
4(1617 1618 1709 1708)
4(1708 1709 1800 1799)
4(1799 1800 1891 1890)
4(1890 1891 1982 1981)
4(1072 1073 1164 1163)
4(1163 1164 1255 1254)
4(1254 1255 1346 1345)
4(1345 1346 1437 1436)
4(1436 1437 1528 1527)
4(1527 1528 1619 1618)
4(1618 1619 1710 1709)
4(1709 1710 1801 1800)
4(1800 1801 1892 1891)
4(1891 1892 1983 1982)
4(1073 1074 1165 1164)
4(1164 1165 1256 1255)
4(1255 1256 1347 1346)
4(1346 1347 1438 1437)
4(1437 1438 1529 1528)
4(1528 1529 1620 1619)
4(1619 1620 1711 1710)
4(1710 1711 1802 1801)
4(1801 1802 1893 1892)
4(1892 1893 1984 1983)
4(1074 1075 1166 1165)
4(1165 1166 1257 1256)
4(1256 1257 1348 1347)
4(1347 1348 1439 1438)
4(1438 1439 1530 1529)
4(1529 1530 1621 1620)
4(1620 1621 1712 1711)
4(1711 1712 1803 1802)
4(1802 1803 1894 1893)
4(1893 1894 1985 1984)
4(1075 1076 1167 1166)
4(1166 1167 1258 1257)
4(1257 1258 1349 1348)
4(1348 1349 1440 1439)
4(1439 1440 1531 1530)
4(1530 1531 1622 1621)
4(1621 1622 1713 1712)
4(1712 1713 1804 1803)
4(1803 1804 1895 1894)
4(1894 1895 1986 1985)
4(1076 1077 1168 1167)
4(1167 1168 1259 1258)
4(1258 1259 1350 1349)
4(1349 1350 1441 1440)
4(1440 1441 1532 1531)
4(1531 1532 1623 1622)
4(1622 1623 1714 1713)
4(1713 1714 1805 1804)
4(1804 1805 1896 1895)
4(1895 1896 1987 1986)
4(1077 1078 1169 1168)
4(1168 1169 1260 1259)
4(1259 1260 1351 1350)
4(1350 1351 1442 1441)
4(1441 1442 1533 1532)
4(1532 1533 1624 1623)
4(1623 1624 1715 1714)
4(1714 1715 1806 1805)
4(1805 1806 1897 1896)
4(1896 1897 1988 1987)
4(1078 1079 1170 1169)
4(1169 1170 1261 1260)
4(1260 1261 1352 1351)
4(1351 1352 1443 1442)
4(1442 1443 1534 1533)
4(1533 1534 1625 1624)
4(1624 1625 1716 1715)
4(1715 1716 1807 1806)
4(1806 1807 1898 1897)
4(1897 1898 1989 1988)
4(1079 1080 1171 1170)
4(1170 1171 1262 1261)
4(1261 1262 1353 1352)
4(1352 1353 1444 1443)
4(1443 1444 1535 1534)
4(1534 1535 1626 1625)
4(1625 1626 1717 1716)
4(1716 1717 1808 1807)
4(1807 1808 1899 1898)
4(1898 1899 1990 1989)
4(1080 1081 1172 1171)
4(1171 1172 1263 1262)
4(1262 1263 1354 1353)
4(1353 1354 1445 1444)
4(1444 1445 1536 1535)
4(1535 1536 1627 1626)
4(1626 1627 1718 1717)
4(1717 1718 1809 1808)
4(1808 1809 1900 1899)
4(1899 1900 1991 1990)
4(1081 1082 1173 1172)
4(1172 1173 1264 1263)
4(1263 1264 1355 1354)
4(1354 1355 1446 1445)
4(1445 1446 1537 1536)
4(1536 1537 1628 1627)
4(1627 1628 1719 1718)
4(1718 1719 1810 1809)
4(1809 1810 1901 1900)
4(1900 1901 1992 1991)
4(1082 1083 1174 1173)
4(1173 1174 1265 1264)
4(1264 1265 1356 1355)
4(1355 1356 1447 1446)
4(1446 1447 1538 1537)
4(1537 1538 1629 1628)
4(1628 1629 1720 1719)
4(1719 1720 1811 1810)
4(1810 1811 1902 1901)
4(1901 1902 1993 1992)
4(1083 1084 1175 1174)
4(1174 1175 1266 1265)
4(1265 1266 1357 1356)
4(1356 1357 1448 1447)
4(1447 1448 1539 1538)
4(1538 1539 1630 1629)
4(1629 1630 1721 1720)
4(1720 1721 1812 1811)
4(1811 1812 1903 1902)
4(1902 1903 1994 1993)
4(1084 1085 1176 1175)
4(1175 1176 1267 1266)
4(1266 1267 1358 1357)
4(1357 1358 1449 1448)
4(1448 1449 1540 1539)
4(1539 1540 1631 1630)
4(1630 1631 1722 1721)
4(1721 1722 1813 1812)
4(1812 1813 1904 1903)
4(1903 1904 1995 1994)
4(1085 1086 1177 1176)
4(1176 1177 1268 1267)
4(1267 1268 1359 1358)
4(1358 1359 1450 1449)
4(1449 1450 1541 1540)
4(1540 1541 1632 1631)
4(1631 1632 1723 1722)
4(1722 1723 1814 1813)
4(1813 1814 1905 1904)
4(1904 1905 1996 1995)
4(1086 1087 1178 1177)
4(1177 1178 1269 1268)
4(1268 1269 1360 1359)
4(1359 1360 1451 1450)
4(1450 1451 1542 1541)
4(1541 1542 1633 1632)
4(1632 1633 1724 1723)
4(1723 1724 1815 1814)
4(1814 1815 1906 1905)
4(1905 1906 1997 1996)
4(1087 1088 1179 1178)
4(1178 1179 1270 1269)
4(1269 1270 1361 1360)
4(1360 1361 1452 1451)
4(1451 1452 1543 1542)
4(1542 1543 1634 1633)
4(1633 1634 1725 1724)
4(1724 1725 1816 1815)
4(1815 1816 1907 1906)
4(1906 1907 1998 1997)
4(1088 1089 1180 1179)
4(1179 1180 1271 1270)
4(1270 1271 1362 1361)
4(1361 1362 1453 1452)
4(1452 1453 1544 1543)
4(1543 1544 1635 1634)
4(1634 1635 1726 1725)
4(1725 1726 1817 1816)
4(1816 1817 1908 1907)
4(1907 1908 1999 1998)
4(1089 1090 1181 1180)
4(1180 1181 1272 1271)
4(1271 1272 1363 1362)
4(1362 1363 1454 1453)
4(1453 1454 1545 1544)
4(1544 1545 1636 1635)
4(1635 1636 1727 1726)
4(1726 1727 1818 1817)
4(1817 1818 1909 1908)
4(1908 1909 2000 1999)
4(1090 1091 1182 1181)
4(1181 1182 1273 1272)
4(1272 1273 1364 1363)
4(1363 1364 1455 1454)
4(1454 1455 1546 1545)
4(1545 1546 1637 1636)
4(1636 1637 1728 1727)
4(1727 1728 1819 1818)
4(1818 1819 1910 1909)
4(1909 1910 2001 2000)
)


// ************************************************************************* //
