/*--------------------------------*- C++ -*----------------------------------*\
| =========                 |                                                 |
| \\      /  F ield         | OpenFOAM: The Open Source CFD Toolbox           |
|  \\    /   O peration     | Version:  1912                                  |
|   \\  /    A nd           | Website:  www.openfoam.com                      |
|    \\/     M anipulation  |                                                 |
\*---------------------------------------------------------------------------*/
FoamFile
{
    version     2.0;
    format      ascii;
    class       labelList;
    note        "nPoints:2002  nCells:900  nFaces:3700  nInternalFaces:1700";
    location    "constant/polyMesh";
    object      neighbour;
}
// * * * * * * * * * * * * * * * * * * * * * * * * * * * * * * * * * * * * * //


1700
(
1
90
2
91
3
92
4
93
5
94
6
95
7
96
8
97
9
98
10
99
11
100
12
101
13
102
14
103
15
104
16
105
17
106
18
107
19
108
20
109
21
110
22
111
23
112
24
113
25
114
26
115
27
116
28
117
29
118
30
119
31
120
32
121
33
122
34
123
35
124
36
125
37
126
38
127
39
128
40
129
41
130
42
131
43
132
44
133
45
134
46
135
47
136
48
137
49
138
50
139
51
140
52
141
53
142
54
143
55
144
56
145
57
146
58
147
59
148
60
149
61
150
62
151
63
152
64
153
65
154
66
155
67
156
68
157
69
158
70
159
71
160
72
161
73
162
74
163
75
164
76
165
77
166
78
167
79
168
80
169
81
170
82
171
83
172
84
173
85
174
86
175
87
176
88
177
89
178
179
91
180
92
181
93
182
94
183
95
184
96
185
97
186
98
187
99
188
100
189
101
190
102
191
103
192
104
193
105
194
106
195
107
196
108
197
109
198
110
199
111
200
112
201
113
202
114
203
115
204
116
205
117
206
118
207
119
208
120
209
121
210
122
211
123
212
124
213
125
214
126
215
127
216
128
217
129
218
130
219
131
220
132
221
133
222
134
223
135
224
136
225
137
226
138
227
139
228
140
229
141
230
142
231
143
232
144
233
145
234
146
235
147
236
148
237
149
238
150
239
151
240
152
241
153
242
154
243
155
244
156
245
157
246
158
247
159
248
160
249
161
250
162
251
163
252
164
253
165
254
166
255
167
256
168
257
169
258
170
259
171
260
172
261
173
262
174
263
175
264
176
265
177
266
178
267
179
268
269
181
270
182
271
183
272
184
273
185
274
186
275
187
276
188
277
189
278
190
279
191
280
192
281
193
282
194
283
195
284
196
285
197
286
198
287
199
288
200
289
201
290
202
291
203
292
204
293
205
294
206
295
207
296
208
297
209
298
210
299
211
300
212
301
213
302
214
303
215
304
216
305
217
306
218
307
219
308
220
309
221
310
222
311
223
312
224
313
225
314
226
315
227
316
228
317
229
318
230
319
231
320
232
321
233
322
234
323
235
324
236
325
237
326
238
327
239
328
240
329
241
330
242
331
243
332
244
333
245
334
246
335
247
336
248
337
249
338
250
339
251
340
252
341
253
342
254
343
255
344
256
345
257
346
258
347
259
348
260
349
261
350
262
351
263
352
264
353
265
354
266
355
267
356
268
357
269
358
359
271
360
272
361
273
362
274
363
275
364
276
365
277
366
278
367
279
368
280
369
281
370
282
371
283
372
284
373
285
374
286
375
287
376
288
377
289
378
290
379
291
380
292
381
293
382
294
383
295
384
296
385
297
386
298
387
299
388
300
389
301
390
302
391
303
392
304
393
305
394
306
395
307
396
308
397
309
398
310
399
311
400
312
401
313
402
314
403
315
404
316
405
317
406
318
407
319
408
320
409
321
410
322
411
323
412
324
413
325
414
326
415
327
416
328
417
329
418
330
419
331
420
332
421
333
422
334
423
335
424
336
425
337
426
338
427
339
428
340
429
341
430
342
431
343
432
344
433
345
434
346
435
347
436
348
437
349
438
350
439
351
440
352
441
353
442
354
443
355
444
356
445
357
446
358
447
359
448
449
361
450
362
451
363
452
364
453
365
454
366
455
367
456
368
457
369
458
370
459
371
460
372
461
373
462
374
463
375
464
376
465
377
466
378
467
379
468
380
469
381
470
382
471
383
472
384
473
385
474
386
475
387
476
388
477
389
478
390
479
391
480
392
481
393
482
394
483
395
484
396
485
397
486
398
487
399
488
400
489
401
490
402
491
403
492
404
493
405
494
406
495
407
496
408
497
409
498
410
499
411
500
412
501
413
502
414
503
415
504
416
505
417
506
418
507
419
508
420
509
421
510
422
511
423
512
424
513
425
514
426
515
427
516
428
517
429
518
430
519
431
520
432
521
433
522
434
523
435
524
436
525
437
526
438
527
439
528
440
529
441
530
442
531
443
532
444
533
445
534
446
535
447
536
448
537
449
538
539
451
540
452
541
453
542
454
543
455
544
456
545
457
546
458
547
459
548
460
549
461
550
462
551
463
552
464
553
465
554
466
555
467
556
468
557
469
558
470
559
471
560
472
561
473
562
474
563
475
564
476
565
477
566
478
567
479
568
480
569
481
570
482
571
483
572
484
573
485
574
486
575
487
576
488
577
489
578
490
579
491
580
492
581
493
582
494
583
495
584
496
585
497
586
498
587
499
588
500
589
501
590
502
591
503
592
504
593
505
594
506
595
507
596
508
597
509
598
510
599
511
600
512
601
513
602
514
603
515
604
516
605
517
606
518
607
519
608
520
609
521
610
522
611
523
612
524
613
525
614
526
615
527
616
528
617
529
618
530
619
531
620
532
621
533
622
534
623
535
624
536
625
537
626
538
627
539
628
629
541
630
542
631
543
632
544
633
545
634
546
635
547
636
548
637
549
638
550
639
551
640
552
641
553
642
554
643
555
644
556
645
557
646
558
647
559
648
560
649
561
650
562
651
563
652
564
653
565
654
566
655
567
656
568
657
569
658
570
659
571
660
572
661
573
662
574
663
575
664
576
665
577
666
578
667
579
668
580
669
581
670
582
671
583
672
584
673
585
674
586
675
587
676
588
677
589
678
590
679
591
680
592
681
593
682
594
683
595
684
596
685
597
686
598
687
599
688
600
689
601
690
602
691
603
692
604
693
605
694
606
695
607
696
608
697
609
698
610
699
611
700
612
701
613
702
614
703
615
704
616
705
617
706
618
707
619
708
620
709
621
710
622
711
623
712
624
713
625
714
626
715
627
716
628
717
629
718
719
631
720
632
721
633
722
634
723
635
724
636
725
637
726
638
727
639
728
640
729
641
730
642
731
643
732
644
733
645
734
646
735
647
736
648
737
649
738
650
739
651
740
652
741
653
742
654
743
655
744
656
745
657
746
658
747
659
748
660
749
661
750
662
751
663
752
664
753
665
754
666
755
667
756
668
757
669
758
670
759
671
760
672
761
673
762
674
763
675
764
676
765
677
766
678
767
679
768
680
769
681
770
682
771
683
772
684
773
685
774
686
775
687
776
688
777
689
778
690
779
691
780
692
781
693
782
694
783
695
784
696
785
697
786
698
787
699
788
700
789
701
790
702
791
703
792
704
793
705
794
706
795
707
796
708
797
709
798
710
799
711
800
712
801
713
802
714
803
715
804
716
805
717
806
718
807
719
808
809
721
810
722
811
723
812
724
813
725
814
726
815
727
816
728
817
729
818
730
819
731
820
732
821
733
822
734
823
735
824
736
825
737
826
738
827
739
828
740
829
741
830
742
831
743
832
744
833
745
834
746
835
747
836
748
837
749
838
750
839
751
840
752
841
753
842
754
843
755
844
756
845
757
846
758
847
759
848
760
849
761
850
762
851
763
852
764
853
765
854
766
855
767
856
768
857
769
858
770
859
771
860
772
861
773
862
774
863
775
864
776
865
777
866
778
867
779
868
780
869
781
870
782
871
783
872
784
873
785
874
786
875
787
876
788
877
789
878
790
879
791
880
792
881
793
882
794
883
795
884
796
885
797
886
798
887
799
888
800
889
801
890
802
891
803
892
804
893
805
894
806
895
807
896
808
897
809
898
899
811
812
813
814
815
816
817
818
819
820
821
822
823
824
825
826
827
828
829
830
831
832
833
834
835
836
837
838
839
840
841
842
843
844
845
846
847
848
849
850
851
852
853
854
855
856
857
858
859
860
861
862
863
864
865
866
867
868
869
870
871
872
873
874
875
876
877
878
879
880
881
882
883
884
885
886
887
888
889
890
891
892
893
894
895
896
897
898
899
)


// ************************************************************************* //
