/*--------------------------------*- C++ -*----------------------------------*\
| =========                 |                                                 |
| \\      /  F ield         | OpenFOAM: The Open Source CFD Toolbox           |
|  \\    /   O peration     | Version:  1912                                  |
|   \\  /    A nd           | Website:  www.openfoam.com                      |
|    \\/     M anipulation  |                                                 |
\*---------------------------------------------------------------------------*/
FoamFile
{
    version     2.0;
    format      ascii;
    class       labelList;
    note        "nPoints:2002  nCells:900  nFaces:3700  nInternalFaces:1700";
    location    "constant/polyMesh";
    object      owner;
}
// * * * * * * * * * * * * * * * * * * * * * * * * * * * * * * * * * * * * * //


3700
(
0
0
1
1
2
2
3
3
4
4
5
5
6
6
7
7
8
8
9
9
10
10
11
11
12
12
13
13
14
14
15
15
16
16
17
17
18
18
19
19
20
20
21
21
22
22
23
23
24
24
25
25
26
26
27
27
28
28
29
29
30
30
31
31
32
32
33
33
34
34
35
35
36
36
37
37
38
38
39
39
40
40
41
41
42
42
43
43
44
44
45
45
46
46
47
47
48
48
49
49
50
50
51
51
52
52
53
53
54
54
55
55
56
56
57
57
58
58
59
59
60
60
61
61
62
62
63
63
64
64
65
65
66
66
67
67
68
68
69
69
70
70
71
71
72
72
73
73
74
74
75
75
76
76
77
77
78
78
79
79
80
80
81
81
82
82
83
83
84
84
85
85
86
86
87
87
88
88
89
90
90
91
91
92
92
93
93
94
94
95
95
96
96
97
97
98
98
99
99
100
100
101
101
102
102
103
103
104
104
105
105
106
106
107
107
108
108
109
109
110
110
111
111
112
112
113
113
114
114
115
115
116
116
117
117
118
118
119
119
120
120
121
121
122
122
123
123
124
124
125
125
126
126
127
127
128
128
129
129
130
130
131
131
132
132
133
133
134
134
135
135
136
136
137
137
138
138
139
139
140
140
141
141
142
142
143
143
144
144
145
145
146
146
147
147
148
148
149
149
150
150
151
151
152
152
153
153
154
154
155
155
156
156
157
157
158
158
159
159
160
160
161
161
162
162
163
163
164
164
165
165
166
166
167
167
168
168
169
169
170
170
171
171
172
172
173
173
174
174
175
175
176
176
177
177
178
178
179
180
180
181
181
182
182
183
183
184
184
185
185
186
186
187
187
188
188
189
189
190
190
191
191
192
192
193
193
194
194
195
195
196
196
197
197
198
198
199
199
200
200
201
201
202
202
203
203
204
204
205
205
206
206
207
207
208
208
209
209
210
210
211
211
212
212
213
213
214
214
215
215
216
216
217
217
218
218
219
219
220
220
221
221
222
222
223
223
224
224
225
225
226
226
227
227
228
228
229
229
230
230
231
231
232
232
233
233
234
234
235
235
236
236
237
237
238
238
239
239
240
240
241
241
242
242
243
243
244
244
245
245
246
246
247
247
248
248
249
249
250
250
251
251
252
252
253
253
254
254
255
255
256
256
257
257
258
258
259
259
260
260
261
261
262
262
263
263
264
264
265
265
266
266
267
267
268
268
269
270
270
271
271
272
272
273
273
274
274
275
275
276
276
277
277
278
278
279
279
280
280
281
281
282
282
283
283
284
284
285
285
286
286
287
287
288
288
289
289
290
290
291
291
292
292
293
293
294
294
295
295
296
296
297
297
298
298
299
299
300
300
301
301
302
302
303
303
304
304
305
305
306
306
307
307
308
308
309
309
310
310
311
311
312
312
313
313
314
314
315
315
316
316
317
317
318
318
319
319
320
320
321
321
322
322
323
323
324
324
325
325
326
326
327
327
328
328
329
329
330
330
331
331
332
332
333
333
334
334
335
335
336
336
337
337
338
338
339
339
340
340
341
341
342
342
343
343
344
344
345
345
346
346
347
347
348
348
349
349
350
350
351
351
352
352
353
353
354
354
355
355
356
356
357
357
358
358
359
360
360
361
361
362
362
363
363
364
364
365
365
366
366
367
367
368
368
369
369
370
370
371
371
372
372
373
373
374
374
375
375
376
376
377
377
378
378
379
379
380
380
381
381
382
382
383
383
384
384
385
385
386
386
387
387
388
388
389
389
390
390
391
391
392
392
393
393
394
394
395
395
396
396
397
397
398
398
399
399
400
400
401
401
402
402
403
403
404
404
405
405
406
406
407
407
408
408
409
409
410
410
411
411
412
412
413
413
414
414
415
415
416
416
417
417
418
418
419
419
420
420
421
421
422
422
423
423
424
424
425
425
426
426
427
427
428
428
429
429
430
430
431
431
432
432
433
433
434
434
435
435
436
436
437
437
438
438
439
439
440
440
441
441
442
442
443
443
444
444
445
445
446
446
447
447
448
448
449
450
450
451
451
452
452
453
453
454
454
455
455
456
456
457
457
458
458
459
459
460
460
461
461
462
462
463
463
464
464
465
465
466
466
467
467
468
468
469
469
470
470
471
471
472
472
473
473
474
474
475
475
476
476
477
477
478
478
479
479
480
480
481
481
482
482
483
483
484
484
485
485
486
486
487
487
488
488
489
489
490
490
491
491
492
492
493
493
494
494
495
495
496
496
497
497
498
498
499
499
500
500
501
501
502
502
503
503
504
504
505
505
506
506
507
507
508
508
509
509
510
510
511
511
512
512
513
513
514
514
515
515
516
516
517
517
518
518
519
519
520
520
521
521
522
522
523
523
524
524
525
525
526
526
527
527
528
528
529
529
530
530
531
531
532
532
533
533
534
534
535
535
536
536
537
537
538
538
539
540
540
541
541
542
542
543
543
544
544
545
545
546
546
547
547
548
548
549
549
550
550
551
551
552
552
553
553
554
554
555
555
556
556
557
557
558
558
559
559
560
560
561
561
562
562
563
563
564
564
565
565
566
566
567
567
568
568
569
569
570
570
571
571
572
572
573
573
574
574
575
575
576
576
577
577
578
578
579
579
580
580
581
581
582
582
583
583
584
584
585
585
586
586
587
587
588
588
589
589
590
590
591
591
592
592
593
593
594
594
595
595
596
596
597
597
598
598
599
599
600
600
601
601
602
602
603
603
604
604
605
605
606
606
607
607
608
608
609
609
610
610
611
611
612
612
613
613
614
614
615
615
616
616
617
617
618
618
619
619
620
620
621
621
622
622
623
623
624
624
625
625
626
626
627
627
628
628
629
630
630
631
631
632
632
633
633
634
634
635
635
636
636
637
637
638
638
639
639
640
640
641
641
642
642
643
643
644
644
645
645
646
646
647
647
648
648
649
649
650
650
651
651
652
652
653
653
654
654
655
655
656
656
657
657
658
658
659
659
660
660
661
661
662
662
663
663
664
664
665
665
666
666
667
667
668
668
669
669
670
670
671
671
672
672
673
673
674
674
675
675
676
676
677
677
678
678
679
679
680
680
681
681
682
682
683
683
684
684
685
685
686
686
687
687
688
688
689
689
690
690
691
691
692
692
693
693
694
694
695
695
696
696
697
697
698
698
699
699
700
700
701
701
702
702
703
703
704
704
705
705
706
706
707
707
708
708
709
709
710
710
711
711
712
712
713
713
714
714
715
715
716
716
717
717
718
718
719
720
720
721
721
722
722
723
723
724
724
725
725
726
726
727
727
728
728
729
729
730
730
731
731
732
732
733
733
734
734
735
735
736
736
737
737
738
738
739
739
740
740
741
741
742
742
743
743
744
744
745
745
746
746
747
747
748
748
749
749
750
750
751
751
752
752
753
753
754
754
755
755
756
756
757
757
758
758
759
759
760
760
761
761
762
762
763
763
764
764
765
765
766
766
767
767
768
768
769
769
770
770
771
771
772
772
773
773
774
774
775
775
776
776
777
777
778
778
779
779
780
780
781
781
782
782
783
783
784
784
785
785
786
786
787
787
788
788
789
789
790
790
791
791
792
792
793
793
794
794
795
795
796
796
797
797
798
798
799
799
800
800
801
801
802
802
803
803
804
804
805
805
806
806
807
807
808
808
809
810
811
812
813
814
815
816
817
818
819
820
821
822
823
824
825
826
827
828
829
830
831
832
833
834
835
836
837
838
839
840
841
842
843
844
845
846
847
848
849
850
851
852
853
854
855
856
857
858
859
860
861
862
863
864
865
866
867
868
869
870
871
872
873
874
875
876
877
878
879
880
881
882
883
884
885
886
887
888
889
890
891
892
893
894
895
896
897
898
0
1
2
3
4
5
6
7
8
9
10
11
12
13
14
15
16
17
18
19
20
21
22
23
24
25
26
27
28
29
30
31
32
33
34
35
36
37
38
39
40
41
42
43
44
45
46
47
48
49
50
51
52
53
54
55
56
57
58
59
60
61
62
63
64
65
66
67
68
69
70
71
72
73
74
75
76
77
78
79
80
81
82
83
84
85
86
87
88
89
810
811
812
813
814
815
816
817
818
819
820
821
822
823
824
825
826
827
828
829
830
831
832
833
834
835
836
837
838
839
840
841
842
843
844
845
846
847
848
849
850
851
852
853
854
855
856
857
858
859
860
861
862
863
864
865
866
867
868
869
870
871
872
873
874
875
876
877
878
879
880
881
882
883
884
885
886
887
888
889
890
891
892
893
894
895
896
897
898
899
0
90
180
270
360
450
540
630
720
810
89
179
269
359
449
539
629
719
809
899
0
90
180
270
360
450
540
630
720
810
1
91
181
271
361
451
541
631
721
811
2
92
182
272
362
452
542
632
722
812
3
93
183
273
363
453
543
633
723
813
4
94
184
274
364
454
544
634
724
814
5
95
185
275
365
455
545
635
725
815
6
96
186
276
366
456
546
636
726
816
7
97
187
277
367
457
547
637
727
817
8
98
188
278
368
458
548
638
728
818
9
99
189
279
369
459
549
639
729
819
10
100
190
280
370
460
550
640
730
820
11
101
191
281
371
461
551
641
731
821
12
102
192
282
372
462
552
642
732
822
13
103
193
283
373
463
553
643
733
823
14
104
194
284
374
464
554
644
734
824
15
105
195
285
375
465
555
645
735
825
16
106
196
286
376
466
556
646
736
826
17
107
197
287
377
467
557
647
737
827
18
108
198
288
378
468
558
648
738
828
19
109
199
289
379
469
559
649
739
829
20
110
200
290
380
470
560
650
740
830
21
111
201
291
381
471
561
651
741
831
22
112
202
292
382
472
562
652
742
832
23
113
203
293
383
473
563
653
743
833
24
114
204
294
384
474
564
654
744
834
25
115
205
295
385
475
565
655
745
835
26
116
206
296
386
476
566
656
746
836
27
117
207
297
387
477
567
657
747
837
28
118
208
298
388
478
568
658
748
838
29
119
209
299
389
479
569
659
749
839
30
120
210
300
390
480
570
660
750
840
31
121
211
301
391
481
571
661
751
841
32
122
212
302
392
482
572
662
752
842
33
123
213
303
393
483
573
663
753
843
34
124
214
304
394
484
574
664
754
844
35
125
215
305
395
485
575
665
755
845
36
126
216
306
396
486
576
666
756
846
37
127
217
307
397
487
577
667
757
847
38
128
218
308
398
488
578
668
758
848
39
129
219
309
399
489
579
669
759
849
40
130
220
310
400
490
580
670
760
850
41
131
221
311
401
491
581
671
761
851
42
132
222
312
402
492
582
672
762
852
43
133
223
313
403
493
583
673
763
853
44
134
224
314
404
494
584
674
764
854
45
135
225
315
405
495
585
675
765
855
46
136
226
316
406
496
586
676
766
856
47
137
227
317
407
497
587
677
767
857
48
138
228
318
408
498
588
678
768
858
49
139
229
319
409
499
589
679
769
859
50
140
230
320
410
500
590
680
770
860
51
141
231
321
411
501
591
681
771
861
52
142
232
322
412
502
592
682
772
862
53
143
233
323
413
503
593
683
773
863
54
144
234
324
414
504
594
684
774
864
55
145
235
325
415
505
595
685
775
865
56
146
236
326
416
506
596
686
776
866
57
147
237
327
417
507
597
687
777
867
58
148
238
328
418
508
598
688
778
868
59
149
239
329
419
509
599
689
779
869
60
150
240
330
420
510
600
690
780
870
61
151
241
331
421
511
601
691
781
871
62
152
242
332
422
512
602
692
782
872
63
153
243
333
423
513
603
693
783
873
64
154
244
334
424
514
604
694
784
874
65
155
245
335
425
515
605
695
785
875
66
156
246
336
426
516
606
696
786
876
67
157
247
337
427
517
607
697
787
877
68
158
248
338
428
518
608
698
788
878
69
159
249
339
429
519
609
699
789
879
70
160
250
340
430
520
610
700
790
880
71
161
251
341
431
521
611
701
791
881
72
162
252
342
432
522
612
702
792
882
73
163
253
343
433
523
613
703
793
883
74
164
254
344
434
524
614
704
794
884
75
165
255
345
435
525
615
705
795
885
76
166
256
346
436
526
616
706
796
886
77
167
257
347
437
527
617
707
797
887
78
168
258
348
438
528
618
708
798
888
79
169
259
349
439
529
619
709
799
889
80
170
260
350
440
530
620
710
800
890
81
171
261
351
441
531
621
711
801
891
82
172
262
352
442
532
622
712
802
892
83
173
263
353
443
533
623
713
803
893
84
174
264
354
444
534
624
714
804
894
85
175
265
355
445
535
625
715
805
895
86
176
266
356
446
536
626
716
806
896
87
177
267
357
447
537
627
717
807
897
88
178
268
358
448
538
628
718
808
898
89
179
269
359
449
539
629
719
809
899
0
90
180
270
360
450
540
630
720
810
1
91
181
271
361
451
541
631
721
811
2
92
182
272
362
452
542
632
722
812
3
93
183
273
363
453
543
633
723
813
4
94
184
274
364
454
544
634
724
814
5
95
185
275
365
455
545
635
725
815
6
96
186
276
366
456
546
636
726
816
7
97
187
277
367
457
547
637
727
817
8
98
188
278
368
458
548
638
728
818
9
99
189
279
369
459
549
639
729
819
10
100
190
280
370
460
550
640
730
820
11
101
191
281
371
461
551
641
731
821
12
102
192
282
372
462
552
642
732
822
13
103
193
283
373
463
553
643
733
823
14
104
194
284
374
464
554
644
734
824
15
105
195
285
375
465
555
645
735
825
16
106
196
286
376
466
556
646
736
826
17
107
197
287
377
467
557
647
737
827
18
108
198
288
378
468
558
648
738
828
19
109
199
289
379
469
559
649
739
829
20
110
200
290
380
470
560
650
740
830
21
111
201
291
381
471
561
651
741
831
22
112
202
292
382
472
562
652
742
832
23
113
203
293
383
473
563
653
743
833
24
114
204
294
384
474
564
654
744
834
25
115
205
295
385
475
565
655
745
835
26
116
206
296
386
476
566
656
746
836
27
117
207
297
387
477
567
657
747
837
28
118
208
298
388
478
568
658
748
838
29
119
209
299
389
479
569
659
749
839
30
120
210
300
390
480
570
660
750
840
31
121
211
301
391
481
571
661
751
841
32
122
212
302
392
482
572
662
752
842
33
123
213
303
393
483
573
663
753
843
34
124
214
304
394
484
574
664
754
844
35
125
215
305
395
485
575
665
755
845
36
126
216
306
396
486
576
666
756
846
37
127
217
307
397
487
577
667
757
847
38
128
218
308
398
488
578
668
758
848
39
129
219
309
399
489
579
669
759
849
40
130
220
310
400
490
580
670
760
850
41
131
221
311
401
491
581
671
761
851
42
132
222
312
402
492
582
672
762
852
43
133
223
313
403
493
583
673
763
853
44
134
224
314
404
494
584
674
764
854
45
135
225
315
405
495
585
675
765
855
46
136
226
316
406
496
586
676
766
856
47
137
227
317
407
497
587
677
767
857
48
138
228
318
408
498
588
678
768
858
49
139
229
319
409
499
589
679
769
859
50
140
230
320
410
500
590
680
770
860
51
141
231
321
411
501
591
681
771
861
52
142
232
322
412
502
592
682
772
862
53
143
233
323
413
503
593
683
773
863
54
144
234
324
414
504
594
684
774
864
55
145
235
325
415
505
595
685
775
865
56
146
236
326
416
506
596
686
776
866
57
147
237
327
417
507
597
687
777
867
58
148
238
328
418
508
598
688
778
868
59
149
239
329
419
509
599
689
779
869
60
150
240
330
420
510
600
690
780
870
61
151
241
331
421
511
601
691
781
871
62
152
242
332
422
512
602
692
782
872
63
153
243
333
423
513
603
693
783
873
64
154
244
334
424
514
604
694
784
874
65
155
245
335
425
515
605
695
785
875
66
156
246
336
426
516
606
696
786
876
67
157
247
337
427
517
607
697
787
877
68
158
248
338
428
518
608
698
788
878
69
159
249
339
429
519
609
699
789
879
70
160
250
340
430
520
610
700
790
880
71
161
251
341
431
521
611
701
791
881
72
162
252
342
432
522
612
702
792
882
73
163
253
343
433
523
613
703
793
883
74
164
254
344
434
524
614
704
794
884
75
165
255
345
435
525
615
705
795
885
76
166
256
346
436
526
616
706
796
886
77
167
257
347
437
527
617
707
797
887
78
168
258
348
438
528
618
708
798
888
79
169
259
349
439
529
619
709
799
889
80
170
260
350
440
530
620
710
800
890
81
171
261
351
441
531
621
711
801
891
82
172
262
352
442
532
622
712
802
892
83
173
263
353
443
533
623
713
803
893
84
174
264
354
444
534
624
714
804
894
85
175
265
355
445
535
625
715
805
895
86
176
266
356
446
536
626
716
806
896
87
177
267
357
447
537
627
717
807
897
88
178
268
358
448
538
628
718
808
898
89
179
269
359
449
539
629
719
809
899
)


// ************************************************************************* //
